Index	 Truelabel 	Ensemble	 ResNet 	DenseNet 	VGG 	EfficientNet
0	 0 		0		 0 		0 		0 		0
1	 0 		0		 0 		0 		0 		0
2	 0 		0		 0 		0 		0 		0
3	 0 		0		 0 		0 		0 		0
4	 0 		0		 0 		0 		0 		0
5	 0 		0		 0 		0 		0 		0
6	 0 		0		 0 		0 		0 		0
7	 0 		0		 0 		0 		0 		0
8	 0 		0		 0 		0 		0 		0
9	 0 		0		 0 		0 		0 		0
10	 0 		0		 0 		0 		0 		0
11	 0 		0		 0 		0 		0 		0
12	 0 		0		 0 		0 		0 		0
13	 0 		0		 0 		0 		0 		0
14	 0 		0		 0 		0 		0 		0
15	 0 		0		 0 		0 		0 		0
16	 0 		0		 0 		0 		0 		0
17	 0 		0		 1 		0 		0 		0
18	 0 		0		 0 		0 		0 		0
19	 0 		0		 0 		0 		0 		0
20	 0 		0		 0 		0 		0 		0
21	 0 		0		 0 		0 		0 		0
22	 0 		0		 0 		0 		0 		0
23	 0 		0		 0 		0 		0 		0
24	 0 		0		 0 		0 		0 		0
25	 0 		0		 0 		0 		0 		0
26	 0 		0		 0 		0 		0 		0
27	 0 		0		 0 		0 		0 		0
28	 0 		0		 0 		0 		0 		0
29	 0 		0		 0 		0 		0 		0
30	 0 		0		 0 		0 		0 		0
31	 0 		0		 0 		0 		0 		0
32	 0 		0		 0 		0 		0 		0
33	 0 		0		 0 		0 		0 		0
34	 0 		0		 0 		0 		0 		0
35	 0 		0		 0 		0 		0 		0
36	 0 		0		 0 		0 		0 		0
37	 0 		0		 0 		0 		0 		0
38	 0 		0		 0 		0 		0 		0
39	 0 		0		 0 		0 		0 		0
40	 0 		0		 0 		0 		0 		0
41	 0 		0		 0 		0 		0 		0
42	 0 		0		 0 		0 		0 		0
43	 0 		0		 0 		0 		0 		1
44	 0 		0		 0 		0 		0 		0
45	 0 		0		 0 		0 		0 		0
46	 0 		0		 0 		0 		0 		0
47	 0 		0		 0 		0 		0 		0
48	 0 		0		 0 		0 		0 		0
49	 0 		0		 0 		0 		0 		0
50	 0 		0		 0 		0 		0 		0
51	 0 		1		 0 		1 		1 		1
52	 0 		0		 0 		0 		0 		0
53	 0 		0		 0 		0 		0 		0
54	 0 		0		 0 		0 		0 		0
55	 0 		0		 0 		0 		0 		0
56	 0 		0		 0 		0 		0 		0
57	 0 		0		 0 		0 		0 		0
58	 0 		0		 0 		0 		0 		0
59	 0 		0		 0 		0 		0 		0
60	 0 		0		 0 		0 		0 		0
61	 0 		0		 0 		0 		0 		0
62	 0 		0		 0 		0 		0 		0
63	 0 		0		 0 		0 		0 		0
64	 0 		0		 0 		0 		0 		0
65	 0 		0		 0 		0 		0 		0
66	 0 		0		 0 		0 		0 		0
67	 0 		0		 0 		0 		0 		0
68	 0 		0		 0 		0 		0 		0
69	 0 		0		 0 		0 		0 		0
70	 0 		0		 0 		0 		0 		0
71	 0 		0		 0 		0 		0 		0
72	 0 		0		 1 		0 		0 		0
73	 0 		0		 0 		0 		0 		0
74	 0 		0		 0 		0 		0 		0
75	 0 		0		 0 		0 		0 		0
76	 0 		0		 0 		0 		0 		0
77	 0 		0		 0 		0 		0 		0
78	 0 		0		 0 		0 		0 		0
79	 0 		0		 0 		0 		0 		0
80	 0 		0		 0 		0 		0 		0
81	 0 		0		 0 		0 		0 		0
82	 0 		0		 0 		0 		0 		0
83	 0 		0		 0 		0 		0 		0
84	 0 		0		 0 		0 		0 		0
85	 0 		0		 1 		0 		0 		1
86	 0 		0		 0 		0 		0 		0
87	 0 		0		 0 		0 		0 		0
88	 0 		0		 0 		0 		0 		0
89	 0 		0		 0 		0 		0 		0
90	 0 		0		 0 		0 		0 		0
91	 0 		0		 0 		0 		0 		0
92	 0 		0		 0 		0 		0 		0
93	 0 		0		 0 		0 		0 		0
94	 0 		0		 0 		0 		0 		0
95	 0 		0		 0 		0 		0 		0
96	 0 		0		 0 		0 		0 		0
97	 0 		1		 1 		1 		1 		1
98	 0 		1		 1 		1 		1 		1
99	 0 		0		 0 		0 		0 		0
100	 0 		0		 0 		0 		0 		1
101	 0 		0		 0 		0 		0 		0
102	 0 		0		 0 		0 		0 		1
103	 0 		0		 0 		0 		0 		0
104	 0 		0		 0 		0 		0 		0
105	 0 		0		 0 		0 		0 		0
106	 0 		0		 0 		0 		0 		0
107	 0 		0		 0 		0 		0 		0
108	 0 		0		 0 		0 		0 		0
109	 0 		0		 0 		0 		0 		0
110	 0 		0		 0 		0 		0 		0
111	 0 		0		 0 		0 		0 		0
112	 0 		0		 0 		0 		0 		0
113	 0 		0		 0 		0 		0 		0
114	 0 		0		 0 		0 		0 		0
115	 0 		0		 0 		0 		0 		0
116	 0 		0		 0 		1 		0 		0
117	 0 		0		 0 		0 		0 		0
118	 0 		0		 0 		0 		0 		0
119	 0 		0		 0 		0 		0 		0
120	 0 		0		 0 		0 		0 		0
121	 0 		0		 0 		0 		0 		0
122	 0 		0		 0 		0 		0 		0
123	 0 		0		 0 		0 		0 		0
124	 0 		0		 0 		0 		0 		0
125	 0 		0		 0 		0 		0 		0
126	 0 		0		 0 		0 		0 		0
127	 0 		0		 0 		0 		0 		0
128	 0 		0		 0 		0 		0 		0
129	 0 		0		 0 		0 		0 		0
130	 0 		0		 0 		0 		0 		0
131	 0 		0		 0 		0 		0 		0
132	 0 		0		 0 		0 		0 		0
133	 0 		0		 0 		0 		0 		0
134	 0 		0		 0 		0 		0 		0
135	 0 		0		 0 		0 		0 		0
136	 0 		0		 0 		0 		0 		0
137	 0 		0		 0 		0 		0 		0
138	 0 		0		 0 		0 		0 		0
139	 0 		0		 0 		0 		0 		0
140	 0 		0		 0 		0 		0 		0
141	 0 		0		 0 		0 		0 		0
142	 0 		0		 0 		0 		0 		0
143	 0 		0		 0 		0 		0 		0
144	 0 		1		 1 		1 		1 		0
145	 0 		0		 0 		0 		1 		0
146	 0 		0		 0 		0 		0 		1
147	 0 		0		 0 		0 		0 		0
148	 0 		0		 0 		0 		0 		0
149	 0 		0		 0 		0 		0 		0
150	 0 		0		 0 		0 		0 		0
151	 0 		0		 0 		0 		0 		1
152	 0 		0		 0 		0 		0 		0
153	 0 		0		 0 		0 		0 		0
154	 0 		0		 0 		0 		0 		0
155	 0 		0		 0 		0 		0 		0
156	 0 		1		 1 		0 		1 		1
157	 0 		1		 1 		1 		0 		1
158	 0 		0		 0 		0 		0 		0
159	 0 		0		 0 		0 		0 		0
160	 0 		0		 0 		0 		0 		0
161	 0 		0		 1 		0 		0 		0
162	 0 		0		 0 		1 		0 		0
163	 0 		0		 0 		0 		0 		0
164	 0 		0		 0 		0 		0 		0
165	 0 		0		 0 		0 		0 		0
166	 0 		0		 0 		0 		0 		1
167	 0 		0		 0 		0 		0 		0
168	 0 		0		 0 		0 		0 		0
169	 0 		0		 0 		0 		0 		0
170	 0 		0		 0 		0 		0 		0
171	 0 		0		 0 		0 		0 		0
172	 0 		0		 0 		0 		0 		0
173	 0 		0		 0 		0 		0 		0
174	 0 		0		 0 		0 		0 		0
175	 0 		1		 1 		1 		1 		1
176	 0 		0		 0 		0 		0 		0
177	 0 		0		 0 		0 		0 		0
178	 0 		0		 0 		0 		0 		0
179	 0 		0		 0 		0 		0 		0
180	 0 		0		 0 		0 		0 		0
181	 0 		0		 0 		0 		0 		0
182	 0 		0		 0 		0 		0 		0
183	 0 		0		 1 		1 		0 		0
184	 0 		0		 0 		0 		0 		0
185	 0 		0		 2 		0 		0 		2
186	 0 		0		 0 		0 		0 		0
187	 0 		0		 0 		0 		0 		0
188	 0 		0		 0 		0 		0 		0
189	 0 		0		 0 		0 		0 		0
190	 0 		0		 0 		0 		0 		0
191	 0 		0		 0 		0 		0 		0
192	 0 		0		 1 		0 		0 		0
193	 0 		0		 0 		0 		0 		0
194	 0 		0		 0 		0 		0 		0
195	 0 		0		 0 		0 		0 		0
196	 0 		0		 0 		0 		0 		0
197	 0 		0		 0 		0 		0 		0
198	 0 		0		 0 		0 		0 		0
199	 0 		0		 0 		0 		0 		0
200	 0 		0		 0 		0 		0 		0
201	 0 		0		 0 		0 		0 		0
202	 0 		0		 0 		0 		0 		0
203	 0 		0		 0 		0 		0 		0
204	 0 		0		 0 		0 		0 		0
205	 0 		0		 0 		0 		0 		0
206	 0 		0		 0 		0 		0 		0
207	 0 		0		 0 		1 		0 		0
208	 0 		0		 0 		0 		0 		0
209	 0 		0		 0 		0 		0 		0
210	 0 		0		 0 		0 		0 		0
211	 0 		0		 0 		0 		0 		0
212	 0 		0		 0 		0 		0 		0
213	 0 		0		 0 		0 		1 		1
214	 0 		0		 0 		0 		0 		0
215	 0 		0		 0 		0 		0 		0
216	 0 		0		 0 		0 		0 		0
217	 0 		0		 1 		1 		0 		0
218	 0 		0		 0 		0 		0 		0
219	 0 		0		 0 		0 		0 		0
220	 0 		0		 0 		0 		0 		0
221	 0 		0		 0 		0 		0 		0
222	 0 		0		 0 		0 		0 		0
223	 0 		0		 0 		0 		0 		0
224	 0 		0		 1 		0 		1 		0
225	 0 		0		 0 		0 		0 		0
226	 0 		0		 1 		0 		0 		0
227	 0 		0		 0 		0 		0 		0
228	 0 		0		 0 		0 		0 		0
229	 0 		0		 0 		0 		0 		0
230	 0 		0		 0 		0 		0 		0
231	 0 		0		 0 		0 		0 		0
232	 0 		0		 0 		1 		0 		0
233	 0 		0		 0 		0 		0 		0
234	 0 		0		 0 		0 		0 		0
235	 0 		0		 0 		0 		0 		0
236	 0 		0		 0 		0 		0 		0
237	 0 		0		 0 		0 		0 		0
238	 0 		0		 0 		0 		0 		0
239	 0 		0		 0 		0 		0 		0
240	 0 		0		 0 		0 		0 		0
241	 0 		0		 0 		0 		0 		0
242	 0 		0		 0 		0 		0 		0
243	 0 		0		 0 		0 		0 		0
244	 0 		0		 0 		0 		0 		0
245	 0 		0		 0 		0 		0 		0
246	 0 		0		 0 		0 		0 		0
247	 0 		0		 0 		0 		0 		0
248	 0 		0		 0 		0 		0 		0
249	 0 		0		 0 		0 		0 		0
250	 0 		0		 0 		0 		0 		0
251	 0 		0		 0 		0 		0 		0
252	 0 		0		 0 		0 		0 		0
253	 0 		0		 0 		0 		0 		0
254	 0 		0		 0 		0 		0 		0
255	 0 		0		 0 		0 		0 		0
256	 0 		0		 0 		0 		0 		0
257	 0 		0		 0 		0 		0 		0
258	 0 		0		 0 		0 		0 		0
259	 0 		0		 0 		0 		0 		0
260	 0 		0		 0 		0 		0 		0
261	 0 		0		 2 		0 		0 		0
262	 0 		0		 0 		0 		0 		0
263	 0 		0		 0 		0 		0 		0
264	 0 		0		 0 		0 		0 		0
265	 0 		0		 0 		0 		0 		0
266	 0 		0		 0 		0 		0 		0
267	 0 		0		 0 		0 		1 		0
268	 0 		0		 0 		0 		0 		0
269	 0 		0		 0 		0 		0 		0
270	 0 		0		 0 		0 		0 		0
271	 0 		0		 0 		0 		0 		0
272	 0 		0		 0 		0 		0 		0
273	 0 		0		 0 		0 		0 		0
274	 0 		0		 0 		0 		0 		0
275	 0 		0		 0 		0 		0 		0
276	 0 		0		 0 		0 		0 		0
277	 0 		0		 0 		0 		0 		0
278	 0 		0		 0 		0 		0 		0
279	 0 		0		 0 		0 		0 		0
280	 0 		0		 0 		0 		0 		0
281	 0 		0		 0 		0 		0 		0
282	 0 		0		 0 		0 		0 		0
283	 0 		0		 0 		0 		0 		0
284	 0 		0		 0 		0 		0 		0
285	 0 		0		 0 		0 		0 		0
286	 0 		0		 0 		0 		0 		1
287	 0 		0		 0 		0 		0 		1
288	 0 		0		 0 		0 		0 		0
289	 0 		0		 0 		0 		0 		0
290	 0 		0		 0 		0 		0 		0
291	 0 		0		 0 		0 		0 		0
292	 0 		0		 0 		0 		0 		0
293	 0 		0		 0 		0 		2 		0
294	 0 		0		 0 		1 		0 		0
295	 0 		0		 0 		0 		0 		0
296	 0 		0		 0 		0 		0 		0
297	 0 		0		 0 		1 		0 		0
298	 0 		0		 0 		0 		0 		0
299	 0 		0		 0 		0 		0 		0
300	 0 		0		 0 		0 		0 		0
301	 0 		0		 0 		0 		0 		0
302	 0 		0		 0 		0 		0 		0
303	 0 		0		 0 		0 		0 		0
304	 0 		0		 0 		1 		0 		0
305	 0 		0		 0 		0 		0 		0
306	 0 		0		 0 		0 		0 		0
307	 0 		0		 0 		0 		0 		0
308	 0 		0		 0 		0 		0 		0
309	 0 		0		 0 		0 		0 		0
310	 0 		0		 0 		0 		0 		0
311	 0 		0		 0 		0 		0 		0
312	 0 		0		 0 		0 		0 		0
313	 0 		0		 0 		0 		0 		0
314	 0 		0		 0 		0 		0 		0
315	 0 		0		 0 		0 		0 		0
316	 0 		0		 0 		0 		0 		0
317	 0 		0		 0 		0 		0 		0
318	 0 		0		 0 		0 		0 		0
319	 0 		0		 0 		0 		0 		0
320	 0 		0		 0 		0 		0 		0
321	 0 		0		 0 		0 		0 		0
322	 0 		0		 0 		0 		0 		0
323	 0 		0		 0 		0 		0 		0
324	 0 		0		 0 		0 		0 		0
325	 0 		0		 0 		0 		0 		0
326	 0 		0		 0 		0 		0 		0
327	 0 		0		 0 		0 		0 		0
328	 0 		0		 0 		0 		0 		0
329	 0 		0		 0 		0 		0 		0
330	 0 		0		 0 		0 		0 		0
331	 0 		0		 0 		0 		0 		0
332	 0 		0		 0 		0 		0 		0
333	 0 		0		 0 		0 		0 		0
334	 0 		0		 0 		0 		0 		0
335	 0 		0		 0 		0 		0 		0
336	 0 		0		 0 		0 		0 		0
337	 0 		0		 0 		0 		0 		0
338	 0 		0		 0 		0 		0 		0
339	 0 		0		 0 		0 		0 		0
340	 0 		0		 0 		0 		0 		0
341	 0 		0		 0 		0 		0 		0
342	 0 		0		 0 		0 		0 		0
343	 0 		0		 0 		0 		0 		0
344	 0 		0		 0 		0 		0 		0
345	 0 		0		 0 		0 		0 		0
346	 0 		0		 0 		0 		0 		0
347	 0 		0		 0 		0 		0 		0
348	 0 		0		 0 		0 		0 		0
349	 0 		0		 0 		0 		0 		0
350	 0 		0		 0 		0 		0 		0
351	 0 		0		 0 		0 		0 		0
352	 0 		0		 0 		0 		0 		0
353	 0 		0		 0 		0 		0 		0
354	 0 		0		 0 		0 		0 		0
355	 0 		0		 0 		0 		0 		0
356	 0 		0		 0 		0 		0 		0
357	 0 		0		 0 		0 		0 		0
358	 0 		0		 0 		0 		0 		0
359	 0 		0		 0 		0 		0 		0
360	 0 		0		 0 		0 		0 		0
361	 0 		0		 0 		0 		0 		0
362	 0 		0		 0 		0 		0 		0
363	 0 		0		 1 		0 		0 		0
364	 0 		0		 0 		0 		0 		0
365	 0 		0		 0 		0 		0 		0
366	 0 		0		 0 		0 		0 		0
367	 0 		0		 0 		0 		0 		0
368	 0 		1		 1 		1 		1 		0
369	 0 		0		 0 		0 		0 		0
370	 0 		0		 0 		0 		0 		0
371	 0 		0		 0 		0 		0 		0
372	 0 		0		 0 		0 		0 		0
373	 0 		0		 0 		0 		0 		0
374	 0 		0		 0 		0 		0 		0
375	 0 		0		 0 		0 		0 		0
376	 0 		0		 0 		0 		0 		0
377	 0 		0		 0 		0 		0 		0
378	 0 		0		 0 		0 		0 		0
379	 0 		0		 0 		0 		0 		0
380	 0 		0		 0 		0 		0 		0
381	 0 		0		 0 		0 		0 		0
382	 0 		0		 0 		0 		0 		1
383	 0 		0		 0 		0 		0 		1
384	 0 		1		 1 		1 		0 		1
385	 0 		0		 0 		0 		0 		0
386	 0 		0		 0 		0 		0 		0
387	 0 		0		 0 		0 		0 		0
388	 0 		0		 0 		0 		0 		0
389	 0 		0		 0 		0 		0 		0
390	 0 		0		 0 		0 		0 		0
391	 0 		0		 0 		0 		0 		0
392	 0 		0		 0 		0 		0 		0
393	 0 		0		 0 		0 		0 		0
394	 0 		0		 0 		0 		0 		0
395	 0 		0		 0 		0 		0 		0
396	 0 		0		 0 		0 		0 		0
397	 0 		0		 0 		0 		0 		0
398	 0 		0		 0 		0 		0 		0
399	 0 		0		 0 		0 		0 		0
400	 0 		0		 0 		0 		0 		0
401	 0 		0		 0 		0 		0 		0
402	 0 		0		 0 		0 		0 		0
403	 0 		0		 0 		0 		0 		0
404	 0 		0		 0 		0 		0 		0
405	 0 		0		 0 		0 		0 		0
406	 0 		0		 0 		0 		0 		0
407	 0 		0		 0 		0 		0 		0
408	 0 		0		 0 		0 		0 		0
409	 0 		0		 0 		0 		0 		0
410	 0 		0		 0 		0 		0 		0
411	 0 		0		 0 		0 		0 		0
412	 0 		0		 1 		0 		0 		0
413	 0 		0		 0 		0 		0 		0
414	 0 		0		 0 		0 		0 		0
415	 0 		0		 0 		0 		0 		0
416	 0 		0		 0 		0 		0 		0
417	 0 		0		 0 		0 		0 		1
418	 0 		0		 0 		0 		0 		0
419	 0 		0		 0 		0 		0 		0
420	 0 		0		 0 		0 		0 		0
421	 0 		0		 0 		0 		0 		0
422	 0 		0		 0 		0 		0 		0
423	 0 		0		 0 		0 		0 		0
424	 0 		0		 0 		0 		2 		0
425	 0 		0		 0 		0 		0 		0
426	 0 		0		 0 		0 		0 		0
427	 0 		0		 0 		0 		0 		0
428	 0 		0		 0 		0 		0 		0
429	 0 		0		 0 		0 		0 		0
430	 0 		0		 0 		0 		0 		0
431	 0 		0		 0 		0 		0 		0
432	 0 		0		 0 		0 		0 		0
433	 0 		0		 0 		0 		0 		0
434	 0 		0		 0 		0 		0 		0
435	 0 		0		 0 		0 		0 		0
436	 0 		0		 0 		0 		0 		0
437	 0 		0		 0 		0 		0 		0
438	 0 		0		 0 		0 		0 		0
439	 0 		0		 0 		0 		0 		0
440	 0 		0		 0 		0 		0 		0
441	 0 		0		 0 		0 		0 		0
442	 0 		0		 0 		0 		0 		0
443	 0 		0		 0 		0 		0 		0
444	 0 		0		 0 		0 		0 		0
445	 0 		0		 0 		0 		0 		1
446	 0 		0		 0 		0 		0 		0
447	 0 		0		 0 		0 		0 		0
448	 0 		0		 0 		0 		0 		0
449	 0 		0		 0 		0 		0 		0
450	 0 		0		 0 		0 		0 		0
451	 0 		0		 0 		0 		0 		0
452	 0 		0		 0 		0 		0 		0
453	 0 		0		 0 		1 		0 		0
454	 0 		0		 0 		0 		0 		0
455	 0 		0		 0 		0 		0 		0
456	 0 		0		 0 		0 		0 		0
457	 0 		0		 0 		0 		0 		0
458	 0 		0		 0 		0 		0 		0
459	 0 		0		 0 		1 		0 		0
460	 0 		0		 0 		0 		0 		0
461	 0 		0		 0 		0 		1 		0
462	 0 		0		 0 		0 		0 		0
463	 0 		0		 0 		0 		0 		0
464	 0 		0		 0 		0 		0 		0
465	 0 		0		 0 		0 		1 		1
466	 0 		0		 0 		1 		1 		0
467	 0 		0		 0 		0 		0 		0
468	 0 		0		 0 		0 		0 		0
469	 0 		0		 0 		0 		0 		0
470	 0 		0		 0 		0 		0 		0
471	 0 		0		 0 		0 		0 		0
472	 0 		0		 0 		0 		0 		0
473	 0 		0		 0 		0 		0 		0
474	 0 		0		 0 		0 		0 		0
475	 0 		0		 0 		0 		0 		0
476	 0 		0		 0 		0 		0 		0
477	 0 		0		 0 		0 		0 		0
478	 0 		0		 0 		0 		0 		0
479	 0 		0		 0 		0 		0 		0
480	 0 		0		 0 		0 		0 		0
481	 0 		0		 0 		0 		0 		0
482	 0 		0		 0 		0 		0 		0
483	 0 		0		 0 		0 		0 		0
484	 0 		0		 0 		0 		0 		0
485	 0 		0		 0 		0 		0 		0
486	 0 		0		 0 		0 		0 		0
487	 0 		0		 0 		0 		0 		0
488	 0 		0		 0 		0 		0 		0
489	 0 		0		 0 		0 		0 		0
490	 0 		0		 0 		0 		0 		0
491	 0 		0		 0 		0 		0 		0
492	 0 		0		 0 		0 		0 		0
493	 0 		0		 0 		0 		0 		0
494	 0 		0		 0 		0 		0 		0
495	 0 		0		 0 		0 		0 		0
496	 0 		0		 0 		0 		0 		0
497	 0 		0		 0 		0 		0 		0
498	 0 		0		 0 		0 		0 		0
499	 0 		0		 0 		0 		0 		0
500	 0 		0		 0 		0 		0 		0
501	 0 		0		 0 		0 		0 		0
502	 0 		0		 0 		0 		0 		0
503	 0 		0		 0 		0 		0 		0
504	 0 		0		 0 		0 		0 		0
505	 0 		0		 0 		0 		0 		0
506	 0 		0		 0 		0 		0 		0
507	 0 		0		 0 		0 		0 		0
508	 0 		0		 0 		0 		0 		0
509	 0 		0		 0 		0 		0 		0
510	 0 		0		 0 		0 		0 		0
511	 0 		0		 0 		0 		0 		0
512	 0 		0		 0 		0 		0 		0
513	 0 		0		 0 		0 		0 		0
514	 0 		0		 0 		0 		0 		0
515	 0 		0		 0 		0 		0 		0
516	 0 		0		 0 		0 		0 		0
517	 0 		0		 0 		0 		0 		0
518	 0 		0		 0 		0 		0 		0
519	 0 		0		 0 		0 		0 		0
520	 0 		0		 0 		0 		0 		0
521	 0 		0		 0 		0 		0 		0
522	 0 		0		 0 		0 		0 		0
523	 0 		0		 0 		0 		0 		0
524	 0 		0		 0 		0 		0 		0
525	 0 		0		 0 		0 		0 		0
526	 0 		0		 0 		0 		0 		0
527	 0 		0		 0 		0 		0 		0
528	 0 		0		 0 		0 		0 		0
529	 0 		0		 0 		0 		0 		0
530	 0 		0		 0 		0 		0 		0
531	 0 		0		 0 		0 		0 		0
532	 0 		0		 0 		0 		0 		0
533	 0 		0		 0 		0 		0 		0
534	 0 		0		 0 		0 		0 		0
535	 0 		0		 0 		0 		0 		0
536	 0 		0		 0 		0 		0 		0
537	 0 		0		 1 		0 		0 		0
538	 0 		0		 0 		0 		0 		0
539	 0 		0		 0 		0 		0 		0
540	 0 		0		 0 		0 		0 		0
541	 0 		0		 0 		0 		0 		0
542	 0 		0		 0 		0 		0 		0
543	 0 		0		 0 		0 		0 		0
544	 0 		0		 0 		0 		0 		0
545	 0 		0		 0 		0 		0 		0
546	 0 		0		 0 		0 		0 		0
547	 0 		0		 0 		0 		0 		0
548	 0 		0		 0 		0 		0 		0
549	 0 		0		 0 		0 		0 		0
550	 0 		0		 0 		0 		0 		0
551	 0 		0		 0 		0 		0 		0
552	 0 		0		 0 		0 		0 		0
553	 0 		0		 0 		0 		0 		0
554	 0 		0		 0 		0 		0 		0
555	 0 		0		 0 		0 		0 		0
556	 0 		0		 0 		0 		0 		0
557	 0 		0		 0 		0 		0 		0
558	 0 		0		 0 		0 		0 		0
559	 0 		0		 0 		0 		0 		0
560	 0 		0		 0 		0 		0 		0
561	 0 		0		 0 		0 		0 		0
562	 0 		0		 0 		0 		0 		0
563	 0 		0		 0 		0 		0 		0
564	 0 		0		 0 		0 		0 		0
565	 0 		0		 0 		0 		0 		0
566	 0 		0		 0 		0 		0 		0
567	 0 		0		 0 		0 		0 		0
568	 0 		0		 0 		0 		0 		0
569	 0 		0		 0 		0 		0 		0
570	 0 		0		 0 		0 		0 		0
571	 0 		0		 0 		0 		0 		0
572	 0 		0		 0 		0 		0 		0
573	 0 		0		 0 		0 		0 		0
574	 0 		0		 0 		0 		0 		0
575	 0 		0		 0 		0 		0 		0
576	 0 		0		 0 		0 		0 		0
577	 0 		0		 0 		0 		0 		0
578	 0 		0		 0 		0 		0 		0
579	 0 		0		 0 		0 		0 		1
580	 0 		0		 0 		0 		0 		1
581	 0 		0		 0 		0 		0 		0
582	 0 		0		 0 		0 		0 		0
583	 0 		0		 0 		0 		0 		0
584	 0 		0		 0 		0 		0 		0
585	 0 		0		 0 		0 		0 		0
586	 0 		0		 0 		0 		0 		0
587	 0 		0		 0 		0 		0 		0
588	 0 		0		 0 		0 		0 		0
589	 0 		0		 0 		0 		0 		0
590	 0 		0		 0 		0 		0 		0
591	 0 		0		 0 		0 		0 		0
592	 0 		0		 0 		0 		0 		0
593	 0 		0		 0 		0 		0 		0
594	 0 		0		 0 		0 		0 		0
595	 0 		0		 0 		0 		0 		0
596	 0 		0		 0 		0 		0 		0
597	 0 		0		 0 		0 		0 		0
598	 0 		0		 0 		0 		0 		0
599	 0 		0		 0 		0 		0 		0
600	 0 		0		 0 		0 		0 		0
601	 0 		0		 0 		0 		0 		0
602	 0 		0		 0 		0 		0 		0
603	 0 		0		 0 		0 		0 		0
604	 0 		0		 0 		0 		0 		0
605	 0 		0		 0 		0 		0 		0
606	 0 		0		 0 		0 		0 		0
607	 0 		0		 0 		0 		0 		0
608	 0 		0		 0 		0 		0 		0
609	 0 		0		 0 		0 		0 		0
610	 0 		0		 0 		0 		0 		0
611	 0 		0		 0 		0 		0 		0
612	 0 		0		 0 		0 		0 		0
613	 0 		0		 0 		0 		0 		0
614	 0 		0		 0 		0 		0 		0
615	 0 		0		 0 		0 		0 		0
616	 0 		0		 0 		0 		1 		0
617	 0 		0		 0 		0 		0 		0
618	 0 		0		 0 		0 		0 		0
619	 0 		0		 0 		0 		0 		0
620	 0 		0		 0 		0 		0 		0
621	 0 		0		 0 		0 		0 		0
622	 0 		0		 0 		0 		0 		0
623	 0 		0		 0 		0 		0 		0
624	 0 		0		 0 		0 		0 		0
625	 0 		0		 0 		0 		0 		0
626	 0 		0		 0 		0 		0 		0
627	 0 		0		 0 		0 		0 		0
628	 0 		0		 0 		0 		0 		0
629	 0 		0		 0 		0 		0 		0
630	 0 		0		 0 		0 		0 		0
631	 0 		0		 0 		0 		0 		0
632	 0 		0		 0 		0 		0 		0
633	 0 		0		 0 		0 		0 		0
634	 0 		0		 0 		0 		0 		0
635	 0 		0		 0 		0 		0 		0
636	 0 		0		 0 		0 		0 		0
637	 0 		0		 0 		0 		0 		0
638	 0 		0		 0 		0 		0 		0
639	 0 		0		 0 		0 		0 		0
640	 0 		0		 0 		0 		0 		0
641	 0 		0		 0 		0 		0 		0
642	 0 		0		 0 		0 		0 		0
643	 0 		0		 0 		0 		0 		0
644	 0 		0		 0 		0 		0 		0
645	 0 		0		 0 		0 		0 		0
646	 0 		0		 0 		0 		0 		0
647	 0 		0		 0 		0 		0 		0
648	 0 		0		 0 		0 		0 		0
649	 0 		0		 0 		0 		0 		0
650	 0 		0		 0 		0 		0 		0
651	 0 		0		 0 		0 		0 		0
652	 0 		0		 0 		0 		0 		0
653	 0 		0		 0 		0 		0 		0
654	 0 		0		 0 		0 		0 		0
655	 0 		0		 0 		0 		0 		0
656	 0 		0		 0 		0 		0 		0
657	 0 		0		 0 		0 		0 		0
658	 0 		0		 0 		0 		0 		0
659	 0 		0		 0 		0 		0 		0
660	 0 		0		 0 		0 		0 		0
661	 0 		0		 0 		0 		0 		0
662	 0 		0		 0 		0 		0 		0
663	 0 		0		 0 		0 		0 		0
664	 0 		0		 0 		0 		0 		0
665	 0 		0		 0 		0 		0 		0
666	 0 		0		 0 		0 		0 		0
667	 0 		0		 0 		0 		0 		0
668	 0 		0		 0 		0 		0 		0
669	 0 		0		 0 		0 		0 		0
670	 0 		0		 0 		0 		0 		0
671	 0 		0		 0 		0 		0 		0
672	 0 		0		 0 		0 		0 		0
673	 0 		0		 0 		0 		0 		0
674	 0 		0		 0 		0 		0 		0
675	 0 		0		 0 		0 		0 		0
676	 0 		0		 0 		0 		0 		0
677	 0 		0		 0 		0 		0 		0
678	 0 		0		 0 		0 		0 		0
679	 0 		0		 0 		0 		0 		0
680	 0 		0		 0 		0 		0 		0
681	 0 		0		 0 		0 		0 		0
682	 0 		0		 0 		0 		0 		0
683	 0 		0		 0 		0 		0 		0
684	 0 		0		 0 		0 		0 		0
685	 0 		0		 0 		0 		0 		0
686	 0 		0		 0 		0 		0 		0
687	 0 		0		 0 		0 		0 		0
688	 0 		0		 0 		0 		0 		0
689	 0 		0		 0 		0 		0 		0
690	 0 		0		 0 		0 		0 		0
691	 0 		0		 0 		0 		0 		0
692	 0 		0		 0 		0 		0 		0
693	 0 		0		 0 		0 		0 		0
694	 0 		0		 0 		0 		0 		0
695	 0 		0		 0 		0 		0 		0
696	 0 		0		 0 		0 		0 		0
697	 0 		0		 0 		0 		0 		0
698	 0 		0		 0 		0 		0 		0
699	 0 		0		 0 		0 		0 		0
700	 0 		0		 0 		0 		0 		0
701	 0 		0		 0 		0 		0 		0
702	 0 		0		 0 		0 		0 		0
703	 0 		0		 0 		0 		0 		0
704	 0 		0		 0 		0 		0 		0
705	 0 		0		 0 		0 		0 		0
706	 0 		0		 0 		0 		0 		0
707	 0 		0		 0 		0 		0 		0
708	 0 		0		 0 		0 		0 		0
709	 0 		0		 0 		0 		0 		0
710	 0 		0		 0 		0 		0 		0
711	 0 		0		 0 		0 		0 		0
712	 0 		0		 0 		0 		0 		0
713	 0 		0		 0 		0 		0 		0
714	 0 		0		 0 		0 		0 		0
715	 0 		0		 0 		0 		0 		0
716	 0 		0		 0 		0 		0 		0
717	 0 		1		 0 		1 		1 		1
718	 0 		0		 0 		0 		0 		0
719	 0 		0		 0 		0 		0 		0
720	 0 		0		 0 		0 		0 		0
721	 0 		0		 0 		0 		0 		0
722	 0 		0		 0 		0 		0 		0
723	 1 		1		 1 		0 		1 		1
724	 1 		1		 1 		1 		1 		1
725	 1 		1		 1 		1 		1 		1
726	 1 		1		 1 		1 		1 		1
727	 1 		1		 1 		1 		1 		1
728	 1 		1		 1 		1 		1 		1
729	 1 		1		 1 		1 		1 		1
730	 1 		1		 1 		1 		1 		1
731	 1 		1		 1 		1 		0 		1
732	 1 		1		 1 		1 		1 		1
733	 1 		1		 1 		1 		1 		1
734	 1 		1		 1 		1 		1 		1
735	 1 		1		 1 		1 		1 		1
736	 1 		1		 1 		1 		1 		1
737	 1 		1		 1 		1 		1 		1
738	 1 		1		 1 		1 		1 		1
739	 1 		1		 1 		1 		1 		1
740	 1 		1		 1 		1 		1 		1
741	 1 		1		 1 		1 		1 		1
742	 1 		1		 1 		1 		1 		1
743	 1 		1		 1 		1 		1 		1
744	 1 		1		 1 		1 		1 		1
745	 1 		1		 1 		1 		1 		1
746	 1 		1		 1 		1 		1 		1
747	 1 		1		 1 		1 		1 		1
748	 1 		1		 1 		1 		2 		1
749	 1 		1		 1 		1 		1 		1
750	 1 		1		 0 		1 		1 		1
751	 1 		1		 1 		1 		1 		1
752	 1 		1		 1 		1 		1 		1
753	 1 		1		 1 		1 		1 		1
754	 1 		1		 1 		1 		1 		1
755	 1 		1		 1 		1 		1 		1
756	 1 		1		 1 		1 		2 		1
757	 1 		1		 1 		1 		1 		1
758	 1 		1		 1 		1 		1 		1
759	 1 		1		 1 		1 		1 		1
760	 1 		0		 1 		0 		0 		1
761	 1 		1		 1 		1 		1 		1
762	 1 		1		 1 		1 		0 		1
763	 1 		1		 1 		1 		1 		1
764	 1 		1		 1 		1 		1 		1
765	 1 		1		 1 		1 		1 		1
766	 1 		1		 1 		1 		1 		1
767	 1 		1		 1 		1 		2 		1
768	 1 		1		 1 		1 		1 		1
769	 1 		1		 1 		1 		2 		1
770	 1 		1		 1 		1 		1 		1
771	 1 		1		 1 		1 		1 		1
772	 1 		1		 1 		1 		0 		1
773	 1 		1		 1 		1 		1 		1
774	 1 		1		 1 		1 		1 		1
775	 1 		1		 1 		1 		1 		1
776	 1 		1		 1 		1 		1 		1
777	 1 		1		 1 		1 		1 		1
778	 1 		1		 1 		1 		1 		1
779	 1 		1		 1 		1 		1 		1
780	 1 		1		 1 		1 		1 		1
781	 1 		1		 1 		1 		1 		1
782	 1 		1		 1 		1 		1 		1
783	 1 		1		 1 		1 		1 		1
784	 1 		1		 1 		1 		1 		1
785	 1 		1		 0 		1 		1 		1
786	 1 		1		 1 		1 		1 		1
787	 1 		1		 1 		1 		1 		1
788	 1 		1		 1 		1 		1 		1
789	 1 		1		 1 		1 		1 		1
790	 1 		1		 1 		1 		1 		1
791	 1 		1		 1 		1 		1 		1
792	 1 		1		 1 		1 		1 		1
793	 1 		1		 1 		1 		1 		1
794	 1 		1		 1 		1 		1 		1
795	 1 		1		 1 		1 		1 		1
796	 1 		1		 1 		1 		1 		1
797	 1 		1		 1 		1 		1 		1
798	 1 		1		 1 		1 		1 		1
799	 1 		1		 1 		1 		1 		1
800	 1 		1		 1 		1 		1 		1
801	 1 		1		 1 		1 		1 		1
802	 1 		1		 1 		1 		1 		1
803	 1 		1		 1 		1 		1 		1
804	 1 		1		 1 		1 		1 		1
805	 1 		1		 1 		1 		1 		1
806	 1 		1		 1 		1 		1 		1
807	 1 		1		 1 		1 		1 		1
808	 1 		1		 1 		1 		1 		1
809	 1 		1		 1 		1 		1 		1
810	 1 		1		 1 		1 		1 		1
811	 1 		1		 1 		1 		1 		1
812	 1 		1		 1 		1 		1 		1
813	 1 		1		 1 		1 		1 		1
814	 1 		1		 1 		1 		1 		1
815	 1 		1		 1 		1 		1 		1
816	 1 		1		 1 		1 		1 		1
817	 1 		1		 1 		1 		1 		1
818	 1 		1		 1 		1 		2 		1
819	 1 		1		 1 		1 		1 		1
820	 1 		1		 1 		1 		1 		1
821	 1 		1		 1 		1 		1 		1
822	 1 		1		 1 		1 		1 		1
823	 1 		1		 1 		1 		1 		1
824	 1 		1		 1 		1 		1 		1
825	 1 		1		 1 		1 		1 		1
826	 1 		1		 1 		1 		1 		1
827	 1 		1		 1 		1 		0 		1
828	 1 		1		 1 		1 		2 		1
829	 1 		1		 1 		1 		1 		1
830	 1 		1		 1 		1 		0 		2
831	 1 		1		 1 		1 		1 		1
832	 1 		1		 1 		1 		1 		1
833	 1 		1		 1 		1 		1 		1
834	 1 		1		 1 		1 		0 		1
835	 1 		1		 0 		1 		1 		1
836	 1 		1		 1 		1 		1 		1
837	 1 		1		 1 		1 		1 		1
838	 1 		1		 1 		1 		1 		1
839	 1 		1		 1 		1 		1 		1
840	 1 		1		 1 		1 		1 		1
841	 1 		1		 1 		1 		0 		1
842	 1 		1		 1 		1 		1 		1
843	 1 		1		 1 		1 		2 		1
844	 1 		1		 1 		1 		1 		1
845	 1 		1		 1 		1 		1 		1
846	 1 		1		 1 		1 		1 		1
847	 1 		1		 1 		1 		1 		1
848	 1 		1		 1 		1 		1 		1
849	 1 		1		 1 		1 		1 		1
850	 1 		1		 1 		1 		1 		1
851	 1 		1		 1 		1 		1 		1
852	 1 		1		 1 		1 		1 		1
853	 1 		1		 1 		1 		0 		1
854	 1 		1		 1 		1 		1 		1
855	 1 		1		 1 		1 		1 		1
856	 1 		0		 0 		0 		0 		1
857	 1 		1		 1 		1 		1 		1
858	 1 		1		 1 		1 		1 		1
859	 1 		1		 1 		1 		1 		1
860	 1 		0		 0 		1 		0 		1
861	 1 		1		 1 		1 		1 		1
862	 1 		1		 1 		1 		1 		1
863	 1 		1		 1 		1 		1 		1
864	 1 		1		 1 		1 		1 		1
865	 1 		1		 1 		1 		1 		1
866	 1 		0		 1 		1 		0 		0
867	 1 		1		 2 		2 		1 		1
868	 1 		1		 1 		2 		1 		1
869	 1 		1		 1 		1 		1 		1
870	 1 		1		 1 		1 		1 		1
871	 1 		1		 1 		1 		1 		1
872	 1 		1		 1 		1 		1 		1
873	 1 		1		 1 		1 		1 		1
874	 1 		1		 1 		1 		1 		1
875	 1 		1		 1 		1 		1 		1
876	 1 		1		 1 		1 		1 		1
877	 1 		1		 1 		1 		1 		1
878	 1 		1		 1 		1 		1 		1
879	 1 		1		 1 		1 		1 		1
880	 1 		1		 1 		1 		1 		1
881	 1 		1		 1 		1 		1 		1
882	 1 		1		 1 		1 		1 		1
883	 1 		1		 1 		1 		1 		1
884	 1 		1		 1 		1 		1 		1
885	 1 		1		 1 		1 		1 		1
886	 1 		1		 1 		1 		1 		1
887	 1 		1		 1 		1 		1 		1
888	 1 		1		 1 		1 		1 		1
889	 1 		1		 1 		1 		1 		1
890	 1 		1		 1 		1 		1 		0
891	 1 		1		 1 		1 		0 		1
892	 1 		1		 1 		1 		1 		1
893	 1 		1		 1 		1 		0 		1
894	 1 		1		 1 		1 		1 		1
895	 1 		1		 1 		1 		1 		1
896	 1 		1		 1 		1 		1 		1
897	 1 		1		 1 		1 		1 		1
898	 1 		1		 1 		1 		1 		1
899	 1 		1		 1 		1 		1 		1
900	 1 		1		 1 		1 		1 		1
901	 1 		1		 1 		1 		1 		1
902	 1 		0		 0 		1 		0 		1
903	 1 		1		 1 		1 		1 		1
904	 1 		1		 1 		1 		1 		1
905	 1 		1		 1 		1 		1 		1
906	 1 		1		 1 		1 		1 		1
907	 1 		1		 1 		1 		1 		1
908	 1 		1		 1 		1 		0 		1
909	 1 		1		 1 		1 		1 		1
910	 1 		1		 1 		1 		0 		1
911	 1 		1		 1 		1 		1 		1
912	 1 		1		 1 		1 		1 		1
913	 1 		1		 1 		1 		1 		1
914	 1 		1		 1 		1 		0 		1
915	 1 		1		 1 		1 		1 		1
916	 1 		1		 1 		1 		1 		1
917	 1 		1		 1 		1 		1 		1
918	 1 		1		 1 		1 		1 		1
919	 1 		1		 1 		1 		1 		1
920	 1 		1		 0 		1 		1 		1
921	 1 		1		 1 		1 		1 		1
922	 1 		1		 1 		1 		1 		1
923	 1 		1		 1 		1 		1 		1
924	 1 		1		 1 		1 		1 		1
925	 1 		1		 1 		1 		1 		1
926	 1 		1		 1 		1 		1 		1
927	 1 		1		 1 		1 		1 		1
928	 1 		1		 1 		1 		1 		1
929	 1 		1		 1 		1 		1 		1
930	 1 		1		 1 		1 		1 		1
931	 1 		1		 1 		1 		0 		1
932	 1 		1		 1 		1 		1 		1
933	 1 		1		 1 		1 		2 		1
934	 1 		1		 1 		1 		0 		1
935	 1 		1		 1 		1 		1 		1
936	 1 		1		 1 		1 		1 		1
937	 1 		1		 1 		1 		1 		1
938	 1 		1		 1 		1 		1 		1
939	 1 		1		 1 		1 		1 		1
940	 1 		1		 1 		1 		1 		1
941	 1 		1		 1 		1 		1 		1
942	 1 		1		 1 		1 		1 		1
943	 1 		1		 1 		1 		1 		1
944	 1 		1		 1 		1 		1 		1
945	 1 		1		 1 		1 		1 		1
946	 1 		1		 1 		1 		1 		1
947	 1 		1		 1 		1 		1 		1
948	 1 		1		 1 		1 		1 		1
949	 1 		1		 1 		1 		1 		1
950	 1 		1		 1 		1 		1 		1
951	 1 		1		 1 		1 		1 		1
952	 1 		1		 1 		1 		1 		1
953	 1 		1		 1 		1 		1 		1
954	 1 		1		 1 		1 		1 		1
955	 1 		1		 1 		1 		1 		1
956	 1 		1		 1 		1 		1 		1
957	 1 		1		 1 		1 		1 		1
958	 1 		1		 1 		1 		1 		1
959	 1 		1		 1 		1 		1 		1
960	 1 		1		 1 		1 		1 		1
961	 1 		1		 1 		1 		1 		1
962	 1 		1		 1 		2 		1 		1
963	 1 		1		 1 		1 		1 		1
964	 1 		1		 1 		1 		1 		1
965	 1 		1		 1 		1 		1 		1
966	 1 		1		 1 		0 		1 		1
967	 1 		1		 1 		1 		1 		1
968	 1 		1		 1 		1 		1 		1
969	 1 		1		 1 		1 		1 		1
970	 1 		1		 1 		1 		1 		1
971	 1 		0		 0 		1 		0 		0
972	 1 		1		 1 		1 		1 		1
973	 1 		1		 1 		1 		1 		1
974	 1 		1		 1 		1 		1 		1
975	 1 		1		 1 		1 		0 		1
976	 1 		1		 1 		1 		1 		1
977	 1 		1		 1 		1 		1 		1
978	 1 		1		 1 		1 		1 		1
979	 1 		1		 1 		1 		1 		1
980	 1 		1		 1 		1 		1 		1
981	 1 		1		 1 		1 		1 		1
982	 1 		1		 1 		1 		1 		1
983	 1 		1		 1 		1 		1 		1
984	 1 		1		 1 		1 		1 		1
985	 1 		1		 1 		1 		1 		1
986	 1 		1		 1 		1 		1 		1
987	 1 		1		 1 		1 		1 		1
988	 1 		1		 1 		1 		1 		1
989	 1 		1		 1 		1 		1 		1
990	 1 		1		 1 		1 		1 		1
991	 1 		1		 1 		1 		1 		1
992	 1 		1		 1 		0 		1 		1
993	 1 		1		 1 		1 		1 		1
994	 1 		1		 1 		1 		1 		1
995	 1 		1		 1 		1 		1 		1
996	 1 		1		 1 		1 		1 		1
997	 1 		1		 1 		1 		1 		1
998	 1 		1		 1 		1 		1 		1
999	 1 		1		 1 		1 		1 		1
1000	 1 		1		 1 		1 		1 		1
1001	 1 		1		 1 		1 		1 		1
1002	 1 		1		 1 		1 		1 		1
1003	 1 		1		 1 		1 		1 		1
1004	 1 		1		 1 		1 		1 		1
1005	 1 		1		 1 		0 		1 		1
1006	 1 		1		 1 		1 		1 		1
1007	 1 		1		 1 		1 		1 		1
1008	 1 		1		 1 		1 		1 		1
1009	 1 		1		 1 		1 		1 		1
1010	 1 		1		 1 		1 		1 		1
1011	 1 		1		 1 		1 		1 		1
1012	 1 		1		 1 		1 		1 		1
1013	 1 		1		 1 		1 		1 		1
1014	 1 		1		 1 		1 		1 		1
1015	 1 		1		 1 		1 		1 		1
1016	 1 		1		 1 		1 		1 		1
1017	 1 		1		 1 		1 		1 		1
1018	 1 		1		 1 		1 		1 		1
1019	 1 		1		 1 		1 		1 		1
1020	 1 		1		 1 		1 		1 		1
1021	 1 		1		 1 		1 		1 		1
1022	 1 		1		 1 		1 		1 		1
1023	 1 		1		 1 		1 		1 		1
1024	 1 		1		 1 		1 		1 		1
1025	 1 		1		 1 		1 		1 		1
1026	 1 		1		 1 		1 		1 		1
1027	 1 		1		 1 		1 		1 		1
1028	 1 		1		 1 		1 		1 		1
1029	 1 		1		 1 		1 		1 		1
1030	 1 		1		 1 		1 		1 		1
1031	 1 		1		 1 		1 		1 		1
1032	 1 		1		 1 		1 		1 		1
1033	 1 		1		 1 		1 		1 		1
1034	 1 		1		 1 		1 		1 		1
1035	 1 		1		 1 		1 		1 		1
1036	 1 		1		 1 		1 		1 		1
1037	 1 		0		 1 		0 		0 		1
1038	 1 		1		 1 		1 		1 		1
1039	 1 		1		 1 		1 		1 		1
1040	 1 		1		 1 		1 		1 		1
1041	 1 		1		 1 		1 		1 		1
1042	 1 		1		 1 		1 		1 		1
1043	 1 		1		 1 		1 		1 		1
1044	 1 		1		 1 		1 		1 		1
1045	 1 		1		 1 		1 		1 		1
1046	 1 		1		 1 		1 		1 		1
1047	 1 		1		 1 		1 		1 		1
1048	 1 		1		 1 		1 		1 		1
1049	 1 		1		 1 		1 		1 		0
1050	 1 		1		 1 		1 		1 		1
1051	 1 		1		 1 		1 		1 		1
1052	 1 		1		 1 		1 		1 		1
1053	 1 		1		 1 		1 		1 		1
1054	 1 		1		 1 		1 		1 		1
1055	 1 		1		 1 		1 		1 		1
1056	 1 		1		 1 		1 		1 		1
1057	 1 		1		 1 		1 		1 		1
1058	 1 		1		 1 		1 		1 		1
1059	 1 		1		 1 		1 		1 		1
1060	 1 		1		 1 		1 		1 		1
1061	 1 		1		 1 		1 		1 		1
1062	 1 		1		 1 		1 		1 		1
1063	 1 		1		 1 		1 		1 		1
1064	 1 		1		 1 		1 		1 		1
1065	 1 		1		 1 		1 		1 		1
1066	 1 		1		 1 		1 		1 		1
1067	 1 		1		 1 		1 		1 		1
1068	 1 		1		 1 		1 		1 		1
1069	 1 		1		 0 		1 		1 		1
1070	 1 		1		 1 		1 		1 		1
1071	 1 		1		 1 		1 		1 		1
1072	 1 		1		 1 		1 		1 		1
1073	 1 		1		 1 		1 		1 		1
1074	 1 		1		 1 		1 		1 		1
1075	 1 		1		 1 		1 		1 		1
1076	 1 		1		 1 		1 		0 		1
1077	 1 		1		 1 		1 		1 		1
1078	 1 		1		 1 		1 		1 		1
1079	 1 		1		 1 		1 		1 		1
1080	 1 		1		 1 		1 		0 		1
1081	 1 		1		 1 		1 		1 		1
1082	 1 		1		 1 		1 		1 		1
1083	 1 		1		 1 		1 		1 		1
1084	 1 		1		 1 		1 		1 		1
1085	 1 		1		 1 		1 		1 		1
1086	 1 		1		 1 		1 		1 		1
1087	 1 		1		 1 		1 		1 		1
1088	 1 		1		 1 		1 		1 		1
1089	 1 		1		 1 		1 		0 		1
1090	 1 		1		 1 		1 		1 		1
1091	 1 		1		 1 		1 		1 		1
1092	 1 		1		 1 		1 		1 		1
1093	 1 		1		 1 		1 		1 		1
1094	 1 		1		 1 		1 		1 		1
1095	 1 		1		 1 		1 		1 		1
1096	 1 		1		 1 		1 		1 		1
1097	 1 		1		 1 		1 		1 		1
1098	 1 		1		 1 		1 		1 		1
1099	 1 		1		 1 		1 		1 		1
1100	 1 		1		 1 		1 		1 		1
1101	 1 		1		 1 		1 		1 		1
1102	 1 		1		 1 		1 		1 		1
1103	 1 		1		 1 		1 		1 		1
1104	 1 		1		 1 		1 		1 		1
1105	 1 		1		 1 		1 		1 		1
1106	 1 		1		 1 		1 		1 		1
1107	 1 		1		 1 		1 		1 		1
1108	 1 		1		 1 		1 		1 		1
1109	 1 		1		 1 		1 		1 		1
1110	 1 		1		 1 		1 		1 		1
1111	 1 		2		 2 		2 		2 		1
1112	 1 		1		 1 		1 		1 		1
1113	 1 		1		 1 		1 		1 		1
1114	 1 		1		 1 		1 		1 		1
1115	 1 		1		 1 		1 		1 		1
1116	 1 		1		 1 		1 		1 		1
1117	 1 		1		 1 		2 		2 		1
1118	 1 		1		 1 		1 		1 		1
1119	 1 		1		 1 		1 		1 		1
1120	 1 		1		 1 		1 		1 		1
1121	 1 		1		 1 		1 		1 		1
1122	 1 		1		 1 		1 		0 		1
1123	 1 		1		 1 		1 		1 		1
1124	 1 		1		 2 		2 		1 		1
1125	 1 		1		 1 		1 		1 		1
1126	 1 		1		 1 		1 		1 		1
1127	 1 		1		 1 		1 		1 		1
1128	 1 		1		 1 		1 		1 		1
1129	 1 		1		 1 		1 		1 		1
1130	 1 		1		 1 		1 		1 		1
1131	 1 		1		 1 		1 		1 		1
1132	 1 		1		 1 		1 		1 		1
1133	 1 		1		 1 		1 		1 		1
1134	 1 		1		 1 		1 		1 		1
1135	 1 		1		 1 		1 		1 		1
1136	 1 		1		 1 		1 		1 		1
1137	 1 		1		 1 		1 		1 		1
1138	 1 		1		 1 		1 		2 		1
1139	 1 		1		 1 		1 		1 		1
1140	 1 		1		 1 		1 		1 		1
1141	 1 		1		 1 		1 		1 		1
1142	 1 		0		 0 		0 		0 		0
1143	 1 		1		 1 		1 		1 		1
1144	 1 		1		 1 		1 		1 		1
1145	 1 		1		 1 		1 		1 		1
1146	 1 		1		 1 		1 		1 		1
1147	 1 		1		 1 		1 		1 		1
1148	 1 		1		 1 		1 		1 		1
1149	 1 		1		 1 		1 		1 		1
1150	 1 		1		 1 		1 		1 		1
1151	 1 		1		 1 		1 		1 		1
1152	 1 		1		 1 		1 		1 		1
1153	 1 		1		 1 		1 		1 		1
1154	 1 		1		 1 		1 		1 		1
1155	 1 		1		 1 		1 		1 		1
1156	 1 		1		 1 		1 		1 		1
1157	 1 		1		 1 		1 		1 		1
1158	 1 		1		 1 		1 		1 		1
1159	 1 		1		 1 		1 		1 		1
1160	 1 		1		 1 		1 		1 		1
1161	 1 		1		 1 		1 		1 		1
1162	 1 		1		 1 		1 		1 		1
1163	 1 		1		 1 		1 		1 		1
1164	 1 		1		 1 		1 		1 		1
1165	 1 		1		 1 		1 		1 		1
1166	 1 		1		 1 		1 		1 		1
1167	 1 		1		 1 		1 		0 		1
1168	 1 		0		 1 		2 		0 		0
1169	 1 		0		 1 		0 		0 		1
1170	 1 		1		 1 		1 		1 		1
1171	 1 		1		 1 		1 		2 		1
1172	 1 		1		 1 		1 		1 		1
1173	 1 		0		 1 		0 		0 		1
1174	 1 		1		 1 		1 		1 		1
1175	 1 		1		 1 		1 		1 		1
1176	 1 		1		 2 		1 		0 		1
1177	 1 		1		 1 		1 		1 		1
1178	 1 		1		 1 		1 		1 		1
1179	 1 		1		 1 		1 		1 		1
1180	 1 		1		 1 		1 		1 		1
1181	 1 		1		 1 		1 		1 		1
1182	 1 		1		 1 		1 		1 		1
1183	 1 		1		 1 		1 		1 		1
1184	 1 		1		 2 		1 		1 		1
1185	 1 		1		 1 		1 		1 		1
1186	 1 		1		 1 		1 		1 		1
1187	 1 		1		 1 		1 		1 		1
1188	 1 		1		 1 		1 		1 		1
1189	 1 		1		 1 		1 		1 		1
1190	 1 		1		 1 		1 		1 		1
1191	 1 		1		 1 		1 		1 		1
1192	 1 		1		 1 		1 		1 		1
1193	 1 		1		 1 		1 		1 		1
1194	 1 		1		 1 		1 		1 		1
1195	 1 		1		 1 		1 		1 		1
1196	 1 		1		 1 		1 		1 		1
1197	 1 		1		 1 		1 		1 		1
1198	 1 		1		 1 		1 		1 		1
1199	 1 		1		 1 		1 		1 		1
1200	 1 		1		 1 		1 		1 		1
1201	 1 		1		 1 		1 		1 		1
1202	 1 		1		 1 		1 		0 		1
1203	 1 		1		 1 		1 		1 		1
1204	 1 		1		 1 		1 		1 		1
1205	 1 		1		 1 		1 		1 		1
1206	 1 		1		 1 		1 		1 		1
1207	 1 		1		 1 		1 		1 		1
1208	 1 		1		 1 		1 		1 		1
1209	 1 		1		 1 		1 		1 		1
1210	 1 		1		 1 		1 		1 		1
1211	 1 		1		 1 		1 		1 		1
1212	 1 		1		 1 		1 		0 		1
1213	 1 		1		 1 		1 		1 		1
1214	 1 		1		 1 		1 		1 		1
1215	 1 		1		 1 		1 		1 		1
1216	 1 		1		 1 		1 		1 		1
1217	 1 		1		 1 		1 		1 		1
1218	 1 		1		 1 		1 		1 		1
1219	 1 		1		 1 		1 		1 		1
1220	 1 		1		 1 		1 		1 		1
1221	 1 		1		 1 		1 		1 		1
1222	 1 		1		 1 		1 		1 		1
1223	 1 		1		 1 		1 		2 		1
1224	 1 		1		 1 		1 		1 		1
1225	 1 		1		 1 		1 		1 		1
1226	 1 		1		 1 		1 		1 		1
1227	 1 		1		 1 		1 		1 		1
1228	 1 		1		 1 		1 		1 		1
1229	 1 		1		 1 		1 		1 		1
1230	 1 		1		 1 		1 		1 		1
1231	 1 		1		 1 		1 		1 		1
1232	 1 		1		 1 		1 		1 		1
1233	 1 		1		 1 		1 		1 		1
1234	 1 		1		 1 		1 		0 		1
1235	 1 		1		 1 		1 		1 		1
1236	 1 		1		 1 		1 		1 		1
1237	 1 		1		 2 		1 		1 		1
1238	 1 		1		 1 		1 		1 		1
1239	 1 		1		 1 		1 		1 		1
1240	 1 		1		 1 		1 		1 		1
1241	 1 		1		 0 		1 		1 		1
1242	 1 		1		 1 		0 		1 		1
1243	 1 		1		 1 		1 		1 		1
1244	 1 		1		 1 		1 		1 		1
1245	 1 		1		 1 		1 		1 		1
1246	 1 		1		 1 		1 		1 		1
1247	 1 		1		 1 		1 		0 		1
1248	 1 		1		 1 		1 		0 		1
1249	 1 		1		 1 		1 		0 		1
1250	 1 		1		 1 		1 		1 		1
1251	 1 		1		 1 		1 		1 		1
1252	 1 		1		 0 		1 		1 		1
1253	 1 		1		 1 		1 		1 		1
1254	 1 		1		 1 		1 		1 		1
1255	 1 		1		 1 		1 		1 		1
1256	 1 		1		 1 		1 		1 		1
1257	 1 		1		 1 		1 		1 		1
1258	 1 		1		 1 		1 		1 		1
1259	 1 		1		 1 		1 		1 		1
1260	 1 		1		 1 		1 		1 		1
1261	 1 		1		 1 		1 		1 		1
1262	 1 		1		 1 		1 		2 		1
1263	 1 		1		 1 		1 		1 		1
1264	 1 		1		 1 		1 		1 		1
1265	 1 		1		 1 		1 		1 		1
1266	 1 		1		 1 		1 		1 		1
1267	 1 		1		 1 		1 		1 		1
1268	 1 		1		 1 		1 		1 		1
1269	 1 		1		 1 		0 		1 		1
1270	 1 		1		 1 		1 		1 		1
1271	 1 		1		 1 		1 		1 		1
1272	 1 		1		 1 		1 		1 		1
1273	 1 		1		 1 		1 		1 		1
1274	 1 		1		 1 		1 		1 		1
1275	 1 		1		 1 		1 		1 		1
1276	 1 		1		 1 		1 		1 		1
1277	 1 		1		 1 		1 		1 		1
1278	 1 		1		 1 		1 		1 		1
1279	 1 		1		 1 		1 		2 		1
1280	 1 		1		 1 		1 		1 		1
1281	 1 		1		 1 		1 		1 		1
1282	 1 		1		 1 		1 		1 		1
1283	 1 		1		 1 		1 		1 		1
1284	 1 		1		 1 		1 		1 		1
1285	 1 		1		 1 		1 		1 		1
1286	 1 		1		 1 		0 		1 		1
1287	 1 		1		 1 		1 		1 		1
1288	 1 		1		 1 		1 		1 		1
1289	 1 		1		 1 		1 		1 		1
1290	 1 		1		 1 		1 		1 		1
1291	 1 		1		 1 		1 		1 		1
1292	 1 		1		 1 		1 		1 		1
1293	 1 		1		 1 		1 		1 		1
1294	 1 		1		 1 		1 		1 		1
1295	 1 		1		 1 		1 		1 		1
1296	 1 		1		 1 		1 		1 		1
1297	 1 		1		 1 		1 		1 		1
1298	 1 		1		 1 		1 		0 		1
1299	 1 		1		 1 		1 		1 		1
1300	 1 		1		 1 		1 		1 		1
1301	 1 		1		 1 		1 		1 		1
1302	 1 		1		 1 		1 		1 		1
1303	 1 		1		 1 		1 		1 		1
1304	 1 		1		 1 		1 		1 		1
1305	 1 		1		 1 		1 		1 		1
1306	 1 		1		 1 		1 		1 		1
1307	 1 		1		 1 		1 		1 		1
1308	 1 		1		 1 		1 		1 		1
1309	 1 		1		 1 		1 		1 		1
1310	 1 		1		 1 		1 		1 		1
1311	 1 		1		 1 		1 		1 		1
1312	 1 		1		 0 		1 		1 		1
1313	 1 		1		 1 		1 		1 		1
1314	 1 		1		 1 		1 		1 		1
1315	 1 		1		 1 		1 		1 		1
1316	 1 		1		 1 		1 		1 		1
1317	 1 		1		 1 		1 		1 		1
1318	 1 		1		 1 		1 		1 		1
1319	 1 		1		 1 		1 		0 		1
1320	 1 		1		 1 		1 		1 		1
1321	 1 		1		 1 		1 		1 		1
1322	 1 		1		 1 		1 		1 		1
1323	 1 		1		 1 		0 		1 		1
1324	 1 		1		 1 		1 		1 		1
1325	 1 		1		 1 		1 		1 		1
1326	 1 		1		 1 		1 		1 		1
1327	 1 		1		 1 		1 		1 		1
1328	 1 		1		 1 		1 		1 		1
1329	 1 		1		 1 		1 		1 		1
1330	 1 		1		 1 		1 		1 		1
1331	 1 		1		 1 		1 		1 		1
1332	 1 		1		 1 		1 		1 		1
1333	 1 		1		 1 		1 		1 		1
1334	 1 		1		 1 		1 		1 		1
1335	 1 		1		 1 		1 		1 		1
1336	 1 		1		 1 		1 		1 		1
1337	 1 		1		 1 		1 		1 		1
1338	 1 		1		 1 		1 		1 		1
1339	 1 		1		 1 		1 		1 		1
1340	 1 		1		 1 		1 		1 		1
1341	 1 		1		 1 		1 		1 		1
1342	 1 		1		 1 		1 		1 		1
1343	 1 		1		 1 		1 		1 		1
1344	 1 		1		 1 		1 		1 		1
1345	 1 		1		 1 		1 		1 		1
1346	 1 		1		 1 		1 		1 		1
1347	 1 		1		 1 		1 		1 		1
1348	 1 		1		 1 		1 		1 		1
1349	 1 		1		 1 		1 		1 		1
1350	 1 		1		 1 		1 		1 		1
1351	 1 		1		 1 		1 		1 		1
1352	 1 		1		 1 		1 		1 		1
1353	 1 		1		 1 		1 		1 		1
1354	 1 		1		 1 		1 		1 		1
1355	 1 		1		 1 		1 		1 		1
1356	 1 		1		 1 		1 		1 		1
1357	 1 		1		 1 		1 		1 		1
1358	 1 		1		 1 		1 		1 		1
1359	 1 		1		 1 		1 		1 		1
1360	 1 		1		 1 		1 		1 		1
1361	 1 		1		 1 		1 		1 		1
1362	 1 		1		 1 		1 		1 		1
1363	 1 		1		 1 		1 		1 		1
1364	 1 		1		 1 		1 		0 		1
1365	 1 		1		 1 		1 		1 		1
1366	 1 		1		 1 		1 		1 		1
1367	 1 		1		 1 		1 		1 		1
1368	 1 		1		 1 		1 		1 		1
1369	 1 		1		 1 		1 		1 		1
1370	 1 		1		 1 		1 		1 		1
1371	 1 		1		 1 		1 		1 		1
1372	 1 		1		 1 		1 		1 		1
1373	 1 		1		 1 		1 		1 		1
1374	 1 		1		 1 		1 		1 		1
1375	 1 		1		 1 		1 		1 		1
1376	 1 		1		 1 		1 		1 		1
1377	 1 		1		 1 		1 		1 		1
1378	 1 		1		 1 		1 		1 		1
1379	 1 		1		 1 		1 		1 		1
1380	 1 		1		 1 		1 		1 		1
1381	 1 		1		 1 		1 		1 		1
1382	 1 		1		 1 		1 		1 		1
1383	 1 		1		 1 		1 		1 		1
1384	 1 		1		 1 		1 		1 		1
1385	 1 		1		 1 		1 		1 		1
1386	 1 		1		 1 		1 		1 		1
1387	 1 		1		 1 		1 		1 		1
1388	 1 		1		 1 		1 		1 		1
1389	 1 		1		 1 		1 		1 		1
1390	 1 		1		 1 		1 		1 		1
1391	 1 		1		 1 		1 		1 		1
1392	 1 		1		 1 		1 		1 		1
1393	 1 		1		 1 		1 		1 		1
1394	 1 		1		 1 		1 		1 		1
1395	 1 		1		 1 		1 		1 		1
1396	 1 		1		 1 		1 		1 		1
1397	 1 		1		 1 		1 		1 		1
1398	 1 		1		 1 		1 		1 		1
1399	 1 		1		 1 		1 		0 		1
1400	 1 		1		 1 		1 		1 		1
1401	 1 		1		 1 		1 		1 		1
1402	 1 		1		 1 		1 		1 		1
1403	 1 		1		 1 		1 		1 		1
1404	 1 		1		 1 		1 		1 		1
1405	 1 		1		 1 		1 		1 		1
1406	 1 		1		 1 		1 		1 		1
1407	 1 		1		 1 		1 		1 		1
1408	 1 		1		 1 		1 		1 		1
1409	 1 		1		 1 		1 		1 		1
1410	 1 		1		 1 		1 		1 		1
1411	 1 		1		 1 		1 		1 		1
1412	 1 		1		 1 		1 		1 		1
1413	 1 		1		 1 		1 		1 		1
1414	 1 		1		 1 		1 		1 		1
1415	 1 		1		 1 		1 		1 		1
1416	 1 		1		 1 		1 		1 		1
1417	 1 		1		 1 		1 		1 		1
1418	 1 		1		 1 		1 		1 		1
1419	 1 		1		 1 		1 		1 		1
1420	 1 		1		 1 		1 		1 		1
1421	 1 		1		 1 		1 		1 		1
1422	 1 		1		 1 		1 		1 		1
1423	 1 		1		 1 		1 		1 		1
1424	 1 		1		 1 		1 		1 		1
1425	 1 		1		 1 		1 		1 		1
1426	 1 		1		 1 		1 		1 		1
1427	 1 		1		 1 		1 		1 		1
1428	 1 		1		 1 		1 		1 		1
1429	 1 		1		 1 		1 		1 		1
1430	 1 		1		 1 		1 		1 		1
1431	 1 		1		 1 		1 		1 		1
1432	 1 		1		 1 		1 		1 		1
1433	 1 		1		 1 		1 		1 		1
1434	 1 		1		 1 		1 		1 		1
1435	 1 		1		 1 		1 		1 		1
1436	 1 		1		 1 		1 		1 		1
1437	 1 		1		 1 		1 		1 		1
1438	 1 		1		 1 		1 		1 		1
1439	 1 		1		 1 		1 		1 		1
1440	 1 		1		 1 		1 		1 		1
1441	 1 		1		 1 		1 		1 		1
1442	 1 		1		 1 		1 		1 		1
1443	 1 		1		 1 		1 		1 		1
1444	 1 		1		 1 		1 		1 		1
1445	 1 		1		 1 		1 		1 		1
1446	 1 		1		 1 		1 		1 		1
1447	 1 		1		 1 		1 		1 		1
1448	 1 		1		 1 		1 		1 		1
1449	 1 		1		 1 		1 		1 		1
1450	 1 		1		 1 		1 		1 		1
1451	 1 		1		 1 		1 		1 		1
1452	 1 		1		 1 		1 		1 		1
1453	 1 		1		 1 		1 		1 		1
1454	 1 		1		 1 		1 		1 		1
1455	 1 		1		 1 		1 		1 		1
1456	 2 		2		 2 		2 		2 		2
1457	 2 		2		 2 		2 		2 		2
1458	 2 		2		 2 		2 		2 		2
1459	 2 		2		 2 		2 		2 		2
1460	 2 		2		 2 		2 		2 		2
1461	 2 		2		 2 		2 		2 		2
1462	 2 		2		 2 		2 		2 		2
1463	 2 		2		 2 		2 		2 		2
1464	 2 		2		 2 		2 		2 		2
1465	 2 		2		 2 		2 		2 		2
1466	 2 		2		 2 		2 		2 		2
1467	 2 		2		 2 		2 		2 		2
1468	 2 		2		 2 		2 		2 		2
1469	 2 		2		 2 		2 		2 		2
1470	 2 		2		 2 		2 		2 		2
1471	 2 		2		 2 		2 		2 		2
1472	 2 		2		 2 		2 		2 		2
1473	 2 		2		 2 		2 		2 		2
1474	 2 		2		 2 		2 		2 		2
1475	 2 		2		 2 		2 		2 		2
1476	 2 		2		 2 		2 		2 		2
1477	 2 		2		 2 		2 		2 		2
1478	 2 		2		 2 		2 		2 		2
1479	 2 		2		 2 		2 		2 		2
1480	 2 		2		 2 		2 		2 		2
1481	 2 		2		 2 		2 		2 		2
1482	 2 		2		 2 		2 		2 		2
1483	 2 		2		 2 		2 		2 		2
1484	 2 		2		 2 		2 		2 		2
1485	 2 		2		 2 		2 		2 		2
1486	 2 		2		 2 		2 		2 		2
1487	 2 		2		 2 		2 		2 		2
1488	 2 		2		 2 		2 		2 		2
1489	 2 		2		 2 		2 		2 		2
1490	 2 		2		 2 		2 		2 		2
1491	 2 		2		 2 		2 		2 		2
1492	 2 		2		 2 		2 		2 		2
1493	 2 		2		 2 		2 		2 		2
1494	 2 		2		 2 		2 		2 		2
1495	 2 		2		 2 		2 		2 		2
1496	 2 		2		 2 		2 		2 		2
1497	 2 		2		 2 		2 		2 		2
1498	 2 		2		 2 		2 		2 		2
1499	 2 		2		 2 		2 		2 		2
1500	 2 		2		 2 		2 		2 		2
1501	 2 		2		 2 		2 		2 		2
1502	 2 		2		 2 		2 		2 		2
1503	 2 		2		 2 		2 		2 		2
1504	 2 		2		 2 		2 		2 		2
1505	 2 		2		 2 		2 		2 		2
1506	 2 		2		 2 		2 		2 		2
1507	 2 		2		 2 		2 		2 		2
1508	 2 		2		 2 		2 		2 		2
1509	 2 		2		 2 		2 		2 		2
1510	 2 		2		 2 		2 		2 		2
1511	 2 		2		 2 		2 		2 		2
1512	 2 		2		 2 		2 		2 		2
1513	 2 		2		 2 		2 		2 		2
1514	 2 		2		 2 		2 		2 		2
1515	 2 		2		 2 		2 		2 		2
1516	 2 		2		 2 		2 		2 		2
1517	 2 		2		 2 		2 		2 		2
1518	 2 		2		 2 		2 		2 		2
1519	 2 		2		 2 		2 		2 		2
1520	 2 		2		 2 		2 		2 		2
1521	 2 		2		 2 		2 		2 		2
1522	 2 		2		 2 		2 		2 		2
1523	 2 		2		 2 		2 		2 		2
1524	 2 		2		 2 		2 		2 		2
1525	 2 		2		 2 		2 		2 		2
1526	 2 		2		 2 		2 		2 		2
1527	 2 		2		 2 		2 		2 		2
1528	 2 		2		 2 		2 		2 		2
1529	 2 		2		 2 		2 		2 		2
1530	 2 		2		 2 		2 		2 		2
1531	 2 		2		 2 		2 		2 		2
1532	 2 		2		 2 		2 		2 		2
1533	 2 		2		 2 		2 		2 		2
1534	 2 		2		 2 		2 		2 		2
1535	 2 		2		 2 		2 		2 		2
1536	 2 		2		 2 		2 		2 		2
1537	 2 		2		 2 		2 		2 		2
1538	 2 		2		 2 		2 		2 		2
1539	 2 		2		 2 		2 		2 		2
1540	 2 		2		 2 		2 		2 		2
1541	 2 		2		 2 		2 		2 		2
1542	 2 		2		 2 		2 		2 		2
1543	 2 		2		 2 		2 		2 		2
1544	 2 		2		 2 		2 		2 		2
1545	 2 		2		 2 		2 		2 		2
1546	 2 		2		 2 		2 		2 		2
1547	 2 		2		 2 		2 		2 		2
1548	 2 		2		 2 		2 		2 		2
1549	 2 		2		 2 		2 		2 		2
1550	 2 		2		 2 		2 		2 		2
1551	 2 		2		 2 		2 		2 		2
1552	 2 		2		 2 		2 		2 		2
1553	 2 		2		 2 		2 		2 		2
1554	 2 		2		 2 		2 		2 		2
1555	 2 		2		 2 		2 		2 		2
1556	 2 		2		 2 		2 		2 		2
1557	 2 		2		 2 		2 		2 		2
1558	 2 		2		 2 		2 		2 		2
1559	 2 		2		 1 		2 		2 		2
1560	 2 		2		 2 		2 		2 		2
1561	 2 		2		 2 		2 		2 		2
1562	 2 		2		 2 		2 		2 		2
1563	 2 		2		 2 		2 		2 		2
1564	 2 		2		 2 		2 		2 		2
1565	 2 		2		 2 		2 		2 		2
1566	 2 		2		 2 		2 		2 		2
1567	 2 		2		 2 		2 		2 		2
1568	 2 		2		 2 		2 		2 		2
1569	 2 		2		 2 		2 		2 		2
1570	 2 		2		 2 		2 		2 		2
1571	 2 		2		 2 		2 		2 		2
1572	 2 		2		 2 		2 		2 		2
1573	 2 		2		 2 		2 		2 		2
1574	 2 		2		 2 		2 		2 		2
1575	 2 		2		 2 		2 		2 		2
1576	 2 		2		 2 		2 		2 		2
1577	 2 		2		 2 		2 		2 		2
1578	 2 		2		 2 		2 		2 		2
1579	 2 		2		 2 		2 		2 		2
1580	 2 		2		 2 		2 		2 		2
1581	 2 		2		 2 		2 		2 		2
1582	 2 		2		 2 		2 		2 		2
1583	 2 		2		 2 		2 		2 		2
1584	 2 		2		 2 		2 		2 		2
1585	 2 		2		 2 		2 		2 		2
1586	 2 		2		 2 		2 		2 		2
1587	 2 		2		 2 		2 		2 		2
1588	 2 		2		 2 		2 		2 		2
1589	 2 		2		 2 		2 		2 		2
1590	 2 		2		 2 		2 		2 		2
1591	 2 		2		 2 		2 		2 		2
1592	 2 		2		 2 		2 		2 		2
1593	 2 		2		 2 		2 		2 		2
1594	 2 		2		 2 		2 		2 		2
1595	 2 		2		 2 		2 		2 		2
1596	 2 		2		 2 		2 		2 		2
1597	 2 		2		 2 		2 		2 		2
1598	 2 		2		 2 		2 		2 		2
1599	 2 		2		 2 		2 		2 		2
1600	 2 		2		 2 		2 		2 		2
1601	 2 		2		 2 		2 		2 		2
1602	 2 		2		 2 		2 		2 		2
1603	 2 		2		 2 		2 		2 		2
1604	 2 		2		 2 		2 		2 		2
1605	 2 		2		 2 		2 		2 		2
1606	 2 		2		 2 		2 		2 		2
1607	 2 		2		 2 		2 		2 		2
1608	 2 		2		 2 		2 		2 		2
1609	 2 		2		 2 		2 		2 		2
1610	 2 		2		 2 		2 		2 		2
1611	 2 		2		 2 		2 		2 		2
1612	 2 		2		 2 		2 		2 		2
1613	 2 		2		 2 		2 		2 		2
1614	 2 		2		 2 		2 		2 		2
1615	 2 		2		 2 		2 		2 		2
1616	 2 		2		 2 		2 		2 		2
1617	 2 		2		 2 		2 		2 		2
1618	 2 		2		 2 		2 		2 		2
1619	 2 		2		 2 		2 		2 		2
1620	 2 		2		 2 		2 		2 		2
1621	 2 		2		 2 		2 		2 		2
1622	 2 		2		 2 		2 		2 		2
1623	 2 		2		 2 		2 		2 		2
1624	 2 		2		 2 		2 		2 		2
1625	 2 		2		 1 		2 		2 		2
1626	 2 		2		 2 		2 		2 		2
1627	 2 		2		 2 		2 		2 		2
1628	 2 		2		 2 		2 		2 		2
1629	 2 		2		 2 		2 		2 		2
1630	 2 		2		 2 		2 		2 		2
1631	 2 		2		 2 		2 		2 		2
1632	 2 		2		 2 		2 		2 		2
1633	 2 		1		 2 		2 		1 		1
1634	 2 		2		 2 		2 		2 		2
1635	 2 		2		 2 		2 		2 		2
1636	 2 		2		 2 		2 		2 		2
1637	 2 		2		 2 		2 		2 		2
1638	 2 		2		 2 		2 		2 		2
1639	 2 		2		 2 		2 		2 		2
1640	 2 		2		 2 		2 		2 		2
1641	 2 		2		 2 		2 		2 		2
1642	 2 		2		 2 		2 		2 		2
1643	 2 		2		 2 		2 		2 		2
1644	 2 		2		 2 		2 		2 		2
1645	 2 		2		 2 		2 		2 		2
1646	 2 		2		 2 		2 		2 		2
1647	 2 		2		 2 		2 		2 		2
1648	 2 		2		 2 		2 		2 		2
1649	 2 		2		 2 		2 		2 		2
1650	 2 		2		 2 		2 		2 		2
1651	 2 		2		 2 		2 		2 		2
1652	 2 		2		 2 		2 		2 		2
1653	 2 		2		 2 		2 		2 		2
1654	 2 		2		 2 		2 		2 		2
1655	 2 		2		 2 		2 		2 		2
1656	 2 		2		 2 		2 		2 		2
1657	 2 		2		 2 		2 		2 		2
1658	 2 		2		 2 		2 		2 		2
1659	 2 		2		 2 		2 		2 		2
1660	 2 		2		 2 		2 		2 		2
1661	 2 		2		 2 		2 		2 		2
1662	 2 		2		 2 		2 		2 		2
1663	 2 		2		 2 		2 		2 		2
1664	 2 		2		 2 		2 		2 		2
1665	 2 		2		 2 		2 		2 		2
1666	 2 		2		 2 		2 		2 		2
1667	 2 		2		 2 		2 		2 		2
1668	 2 		2		 2 		2 		2 		2
1669	 2 		2		 2 		2 		2 		2
1670	 2 		2		 2 		2 		2 		2
1671	 2 		2		 2 		2 		2 		2
1672	 2 		2		 2 		2 		2 		2
1673	 2 		2		 2 		2 		2 		2
1674	 2 		2		 2 		2 		2 		2
1675	 2 		2		 2 		2 		2 		2
1676	 2 		2		 2 		2 		2 		2
1677	 2 		2		 2 		2 		2 		2
1678	 2 		2		 2 		2 		2 		2
1679	 2 		2		 2 		2 		2 		2
1680	 2 		2		 2 		2 		2 		2
1681	 2 		2		 2 		2 		2 		2
1682	 2 		2		 2 		2 		2 		2
1683	 2 		2		 2 		2 		2 		2
1684	 2 		2		 2 		2 		2 		2
1685	 2 		2		 2 		2 		2 		2
1686	 2 		2		 2 		2 		2 		2
1687	 2 		2		 2 		2 		2 		2
1688	 2 		2		 2 		2 		2 		2
1689	 2 		2		 2 		2 		2 		2
1690	 2 		2		 2 		2 		2 		2
1691	 2 		2		 2 		2 		2 		2
1692	 2 		2		 2 		2 		2 		2
1693	 2 		2		 2 		2 		2 		2
1694	 2 		2		 2 		2 		2 		2
1695	 2 		2		 2 		2 		2 		2
1696	 2 		2		 2 		2 		2 		2
1697	 2 		2		 2 		2 		2 		2
1698	 2 		2		 2 		2 		2 		2
1699	 2 		2		 2 		2 		2 		2
1700	 2 		2		 2 		2 		2 		2
1701	 2 		2		 2 		2 		2 		2
1702	 2 		2		 2 		2 		2 		2
1703	 2 		2		 2 		2 		1 		2
1704	 2 		2		 2 		2 		2 		2
1705	 2 		2		 2 		2 		2 		2
1706	 2 		2		 2 		2 		2 		2
1707	 2 		2		 2 		2 		2 		2
1708	 2 		2		 2 		2 		2 		2
1709	 2 		1		 1 		2 		2 		1
1710	 2 		2		 2 		2 		0 		2
1711	 2 		2		 2 		2 		2 		2
1712	 2 		2		 2 		2 		2 		2
1713	 2 		2		 2 		2 		2 		2
1714	 2 		2		 2 		2 		2 		2
1715	 2 		2		 2 		2 		2 		2
1716	 2 		2		 2 		2 		2 		2
1717	 2 		2		 2 		2 		2 		2
1718	 2 		2		 2 		2 		2 		2
1719	 2 		2		 2 		2 		2 		2
1720	 2 		2		 2 		2 		2 		2
1721	 2 		2		 2 		2 		2 		2
1722	 2 		2		 2 		2 		2 		2
1723	 2 		2		 2 		2 		2 		2
1724	 2 		2		 2 		2 		2 		2
1725	 2 		2		 2 		2 		2 		2
1726	 2 		2		 2 		2 		2 		2
1727	 2 		2		 2 		2 		2 		2
1728	 2 		2		 2 		2 		2 		2
1729	 2 		2		 2 		2 		2 		2
1730	 2 		2		 2 		2 		2 		2
1731	 2 		2		 2 		2 		2 		2
1732	 2 		2		 2 		2 		2 		2
1733	 2 		2		 2 		2 		2 		2
1734	 2 		2		 2 		2 		2 		2
1735	 2 		2		 2 		2 		2 		2
1736	 2 		2		 2 		2 		2 		2
1737	 2 		2		 2 		2 		2 		2
1738	 2 		2		 2 		2 		2 		2
1739	 2 		2		 2 		2 		2 		2
1740	 2 		2		 2 		2 		2 		2
1741	 2 		2		 2 		2 		0 		2
1742	 2 		2		 2 		2 		2 		2
1743	 2 		2		 2 		2 		2 		2
1744	 2 		2		 2 		2 		2 		2
1745	 2 		2		 2 		2 		2 		2
1746	 2 		2		 2 		2 		2 		2
1747	 2 		2		 2 		2 		2 		2
1748	 2 		2		 2 		2 		2 		2
1749	 2 		2		 2 		2 		2 		2
1750	 2 		2		 2 		2 		2 		2
1751	 2 		2		 2 		2 		2 		2
1752	 2 		2		 2 		2 		2 		2
1753	 2 		2		 2 		2 		2 		2
1754	 2 		2		 2 		2 		2 		2
1755	 2 		2		 2 		2 		2 		2
1756	 2 		2		 2 		2 		2 		2
1757	 2 		2		 2 		2 		2 		2
1758	 2 		2		 2 		2 		2 		2
1759	 2 		2		 2 		2 		2 		2
1760	 2 		2		 2 		2 		2 		2
1761	 2 		2		 2 		2 		2 		2
1762	 2 		2		 2 		2 		2 		2
1763	 2 		2		 2 		2 		2 		2
1764	 2 		2		 2 		2 		2 		2
1765	 2 		2		 2 		2 		2 		2
1766	 2 		2		 2 		2 		2 		2
1767	 2 		2		 2 		2 		2 		2
1768	 2 		2		 2 		1 		2 		2
1769	 2 		2		 2 		2 		2 		2
1770	 2 		2		 2 		2 		2 		2
1771	 2 		2		 2 		2 		2 		2
1772	 2 		2		 2 		2 		2 		2
1773	 2 		2		 2 		2 		2 		2
1774	 2 		2		 2 		2 		2 		2
1775	 2 		2		 2 		2 		2 		2
1776	 2 		2		 2 		2 		2 		2
1777	 2 		2		 2 		2 		0 		2
1778	 2 		2		 2 		2 		2 		2
1779	 2 		2		 2 		2 		2 		2
1780	 2 		2		 2 		2 		2 		2
1781	 2 		2		 2 		2 		2 		2
1782	 2 		2		 2 		2 		0 		2
1783	 2 		2		 2 		2 		2 		2
1784	 2 		2		 2 		2 		2 		2
1785	 2 		2		 2 		2 		2 		2
1786	 2 		2		 2 		2 		2 		2
1787	 2 		2		 2 		2 		2 		2
1788	 2 		2		 2 		2 		2 		2
1789	 2 		2		 2 		2 		2 		2
1790	 2 		2		 2 		2 		2 		2
1791	 2 		2		 2 		2 		2 		2
1792	 2 		2		 2 		2 		2 		2
1793	 2 		2		 2 		2 		2 		2
1794	 2 		2		 2 		2 		2 		2
1795	 2 		2		 2 		2 		2 		2
1796	 2 		2		 2 		2 		2 		2
1797	 2 		2		 2 		2 		2 		2
1798	 2 		2		 2 		2 		2 		2
1799	 2 		2		 2 		2 		2 		2
1800	 2 		2		 2 		2 		2 		2
1801	 2 		2		 2 		2 		2 		2
1802	 2 		2		 2 		2 		2 		2
1803	 2 		2		 2 		2 		2 		2
1804	 2 		2		 2 		2 		2 		2
1805	 2 		2		 2 		2 		2 		2
1806	 2 		2		 2 		2 		2 		2
1807	 2 		2		 2 		2 		2 		2
1808	 2 		2		 2 		2 		2 		2
1809	 2 		2		 2 		2 		2 		2
1810	 2 		2		 2 		2 		2 		2
1811	 2 		2		 2 		2 		2 		2
1812	 2 		2		 2 		2 		2 		2
1813	 2 		2		 2 		2 		2 		2
1814	 2 		2		 2 		2 		2 		2
1815	 2 		2		 2 		2 		2 		2
1816	 2 		2		 2 		2 		2 		2
1817	 2 		2		 2 		2 		2 		2
1818	 2 		2		 2 		2 		2 		2
1819	 2 		2		 2 		2 		2 		2
1820	 2 		2		 2 		2 		2 		2
1821	 2 		2		 2 		2 		2 		2
1822	 2 		2		 2 		2 		2 		2
1823	 2 		2		 2 		2 		2 		2
1824	 2 		2		 2 		2 		2 		2
1825	 2 		2		 2 		2 		2 		2
1826	 2 		2		 2 		2 		2 		2
1827	 2 		2		 2 		2 		2 		2
1828	 2 		2		 2 		2 		2 		2
1829	 2 		2		 2 		2 		2 		2
1830	 2 		2		 2 		2 		2 		2
1831	 2 		2		 2 		2 		2 		2
1832	 2 		2		 2 		2 		2 		2
1833	 2 		2		 2 		2 		2 		2
1834	 2 		2		 2 		2 		2 		2
1835	 2 		2		 2 		2 		2 		2
1836	 2 		2		 2 		2 		2 		2
1837	 2 		2		 2 		2 		2 		2
1838	 2 		2		 2 		2 		2 		2
1839	 2 		2		 2 		2 		2 		2
1840	 2 		2		 2 		2 		2 		2
1841	 2 		2		 2 		2 		2 		2
1842	 2 		2		 2 		2 		2 		2
1843	 2 		2		 2 		2 		2 		2
1844	 2 		2		 2 		2 		2 		2
1845	 2 		2		 2 		2 		2 		2
1846	 2 		2		 2 		2 		2 		2
1847	 2 		2		 2 		2 		2 		2
1848	 2 		2		 2 		2 		2 		2
1849	 2 		2		 2 		2 		2 		2
1850	 2 		2		 2 		2 		2 		2
1851	 2 		2		 2 		2 		2 		2
1852	 2 		2		 2 		2 		2 		2
1853	 2 		2		 2 		2 		2 		2
1854	 2 		2		 2 		2 		2 		2
1855	 2 		2		 2 		2 		2 		2
1856	 2 		2		 2 		2 		2 		2
1857	 2 		2		 2 		2 		2 		2
1858	 2 		2		 2 		2 		2 		2
1859	 2 		2		 2 		2 		2 		2
1860	 2 		2		 2 		2 		2 		2
1861	 2 		2		 2 		2 		2 		2
1862	 2 		2		 2 		2 		2 		2
1863	 2 		2		 2 		2 		2 		2
1864	 2 		2		 2 		2 		2 		2
1865	 2 		2		 2 		2 		2 		2
1866	 2 		2		 2 		1 		2 		2
1867	 2 		2		 2 		2 		2 		2
1868	 2 		2		 2 		2 		2 		2
1869	 2 		2		 2 		2 		2 		2
1870	 2 		2		 2 		2 		2 		2
1871	 2 		2		 2 		2 		2 		2
1872	 2 		2		 2 		2 		2 		2
1873	 2 		2		 2 		2 		2 		2
1874	 2 		2		 2 		2 		2 		2
1875	 2 		2		 2 		2 		2 		2
1876	 2 		2		 2 		2 		2 		2
1877	 2 		2		 2 		2 		2 		2
1878	 2 		2		 2 		2 		2 		2
1879	 2 		2		 2 		2 		2 		2
1880	 2 		2		 2 		2 		2 		2
1881	 2 		2		 2 		2 		2 		2
1882	 2 		2		 2 		2 		2 		2
1883	 2 		2		 2 		2 		2 		2
1884	 2 		2		 2 		2 		2 		1
1885	 2 		2		 2 		2 		2 		2
1886	 2 		2		 2 		2 		2 		2
1887	 2 		2		 2 		2 		2 		2
1888	 2 		2		 2 		2 		2 		2
1889	 2 		2		 2 		2 		2 		2
1890	 2 		2		 2 		2 		2 		2
1891	 2 		2		 2 		2 		2 		2
1892	 2 		2		 2 		2 		2 		2
1893	 2 		2		 2 		2 		2 		2
1894	 2 		2		 2 		2 		2 		2
1895	 2 		2		 2 		2 		2 		2
1896	 2 		2		 2 		2 		2 		2
1897	 2 		2		 2 		2 		2 		2
1898	 2 		2		 2 		2 		2 		2
1899	 2 		2		 2 		2 		2 		2
1900	 2 		2		 2 		2 		0 		2
1901	 2 		2		 2 		2 		2 		2
1902	 2 		2		 2 		2 		2 		2
1903	 2 		2		 2 		2 		2 		2
1904	 2 		2		 2 		2 		2 		2
1905	 2 		2		 2 		2 		2 		2
1906	 2 		2		 2 		2 		2 		2
1907	 2 		2		 2 		2 		2 		2
1908	 2 		2		 2 		2 		2 		2
1909	 2 		2		 2 		2 		2 		2
1910	 2 		2		 2 		2 		2 		2
1911	 2 		2		 2 		2 		2 		2
1912	 2 		2		 2 		2 		2 		2
1913	 2 		2		 2 		2 		2 		2
1914	 2 		2		 2 		2 		2 		2
1915	 2 		2		 2 		2 		2 		2
1916	 2 		2		 2 		2 		2 		2
1917	 2 		2		 2 		2 		2 		2
1918	 2 		2		 2 		2 		2 		2
1919	 2 		2		 2 		2 		1 		2
1920	 2 		2		 2 		2 		2 		2
1921	 2 		2		 2 		2 		2 		2
1922	 2 		2		 2 		2 		2 		2
1923	 2 		2		 2 		2 		2 		2
1924	 2 		2		 2 		2 		2 		2
1925	 2 		2		 2 		2 		2 		2
1926	 2 		2		 2 		2 		2 		2
1927	 2 		2		 2 		2 		2 		2
1928	 2 		2		 2 		2 		2 		2
1929	 2 		2		 2 		2 		2 		2
1930	 2 		2		 2 		2 		2 		2
1931	 2 		2		 2 		2 		2 		2
1932	 2 		2		 2 		2 		2 		2
1933	 2 		2		 2 		2 		2 		2
1934	 2 		2		 2 		2 		2 		2
1935	 2 		2		 2 		2 		2 		2
1936	 2 		2		 2 		2 		2 		2
1937	 2 		2		 2 		2 		2 		2
1938	 2 		2		 2 		2 		2 		2
1939	 2 		2		 2 		2 		2 		2
1940	 2 		2		 2 		2 		2 		2
1941	 2 		2		 2 		2 		2 		2
1942	 2 		2		 2 		2 		2 		2
1943	 2 		2		 2 		2 		2 		2
1944	 2 		2		 2 		2 		2 		2
1945	 2 		2		 2 		2 		2 		2
1946	 2 		2		 2 		2 		2 		2
1947	 2 		2		 2 		2 		2 		2
1948	 2 		2		 2 		2 		2 		2
1949	 2 		2		 2 		2 		2 		2
1950	 2 		2		 2 		2 		2 		2
1951	 2 		2		 2 		2 		2 		2
1952	 2 		2		 2 		2 		2 		2
1953	 2 		2		 2 		2 		2 		2
1954	 2 		2		 2 		2 		2 		2
1955	 2 		2		 2 		2 		2 		2
1956	 2 		2		 2 		2 		2 		2
1957	 2 		2		 2 		2 		2 		2
1958	 2 		2		 2 		2 		2 		2
1959	 2 		2		 2 		2 		2 		2
1960	 2 		2		 2 		2 		2 		2
1961	 2 		2		 2 		2 		2 		2
1962	 2 		2		 2 		2 		2 		2
1963	 2 		2		 2 		2 		2 		2
1964	 2 		2		 2 		2 		2 		2
1965	 2 		2		 2 		2 		2 		2
1966	 2 		2		 2 		2 		2 		2
1967	 2 		2		 2 		2 		2 		2
1968	 2 		2		 2 		2 		2 		2
1969	 2 		2		 2 		2 		2 		2
1970	 2 		2		 2 		2 		2 		2
1971	 2 		2		 2 		2 		2 		2
1972	 2 		2		 2 		2 		2 		2
1973	 2 		2		 2 		2 		2 		2
1974	 2 		2		 2 		2 		2 		2
1975	 2 		2		 2 		2 		2 		2
1976	 2 		2		 2 		2 		2 		2
1977	 2 		2		 2 		2 		2 		2
1978	 2 		2		 2 		2 		2 		2
1979	 2 		2		 2 		2 		2 		2
1980	 2 		2		 2 		2 		2 		2
1981	 2 		2		 2 		2 		2 		2
1982	 2 		2		 2 		2 		2 		2
1983	 2 		2		 2 		2 		2 		2
1984	 2 		2		 2 		2 		2 		2
1985	 2 		2		 2 		2 		2 		2
1986	 2 		2		 2 		2 		2 		2
1987	 2 		2		 2 		2 		2 		2
1988	 2 		2		 2 		2 		2 		2
1989	 2 		2		 2 		2 		2 		2
1990	 2 		2		 2 		2 		2 		2
1991	 2 		2		 2 		2 		2 		2
1992	 2 		2		 2 		2 		2 		2
1993	 2 		2		 2 		2 		2 		2
1994	 2 		2		 2 		2 		2 		2
1995	 2 		2		 2 		2 		2 		2
1996	 2 		2		 2 		2 		2 		2
1997	 2 		2		 2 		2 		2 		2
1998	 2 		2		 2 		2 		2 		2
1999	 2 		2		 2 		2 		2 		2
2000	 2 		2		 2 		2 		2 		2
2001	 2 		2		 2 		2 		2 		2
2002	 2 		2		 2 		2 		2 		2
2003	 2 		2		 2 		2 		2 		2
2004	 2 		2		 2 		2 		2 		2
2005	 2 		2		 2 		2 		2 		2
2006	 2 		2		 2 		2 		2 		2
2007	 2 		2		 2 		2 		2 		2
2008	 2 		2		 2 		2 		2 		2
2009	 2 		2		 2 		2 		2 		2
2010	 2 		2		 2 		2 		2 		2
2011	 2 		2		 2 		2 		2 		2
2012	 2 		2		 2 		2 		2 		2
2013	 2 		2		 2 		2 		2 		2
2014	 2 		2		 2 		2 		2 		2
2015	 2 		2		 2 		2 		2 		2
2016	 2 		2		 2 		2 		2 		2
2017	 2 		2		 2 		2 		2 		2
2018	 2 		2		 2 		2 		2 		2
2019	 2 		2		 2 		2 		2 		2
2020	 2 		2		 2 		2 		2 		2
2021	 2 		2		 2 		2 		2 		2
2022	 2 		2		 2 		2 		2 		2
2023	 2 		2		 2 		2 		2 		2
2024	 2 		2		 2 		2 		2 		2
2025	 2 		2		 2 		2 		2 		2
2026	 2 		2		 2 		2 		0 		2
2027	 2 		2		 2 		2 		2 		2
2028	 2 		2		 2 		2 		1 		2
2029	 2 		2		 2 		2 		2 		2
2030	 2 		2		 2 		2 		2 		2
2031	 2 		2		 2 		2 		2 		2
2032	 2 		2		 2 		2 		2 		2
2033	 2 		2		 2 		2 		2 		2
2034	 2 		2		 2 		2 		2 		2
2035	 2 		1		 2 		1 		1 		2
2036	 2 		2		 2 		2 		2 		2
2037	 2 		2		 2 		2 		2 		2
2038	 2 		2		 2 		2 		2 		2
2039	 2 		2		 2 		2 		2 		2
2040	 2 		2		 1 		2 		2 		2
2041	 2 		2		 2 		2 		2 		2
2042	 2 		2		 2 		2 		2 		2
2043	 2 		2		 2 		2 		2 		2
2044	 2 		2		 2 		2 		2 		2
2045	 2 		2		 2 		2 		2 		2
2046	 2 		2		 2 		2 		2 		2
2047	 2 		2		 2 		2 		2 		2
2048	 2 		2		 2 		2 		2 		2
2049	 2 		2		 2 		2 		1 		2
2050	 2 		2		 2 		2 		2 		2
2051	 2 		2		 2 		2 		1 		2
2052	 2 		2		 2 		2 		2 		2
2053	 2 		2		 2 		2 		2 		2
2054	 2 		2		 2 		2 		2 		2
2055	 2 		2		 2 		2 		2 		2
2056	 2 		2		 2 		2 		2 		2
2057	 2 		2		 2 		2 		2 		2
2058	 2 		2		 2 		2 		2 		2
2059	 2 		2		 2 		2 		2 		2
2060	 2 		2		 2 		2 		2 		2
2061	 2 		2		 2 		2 		2 		2
2062	 2 		2		 2 		2 		2 		2
2063	 2 		2		 2 		2 		2 		2
2064	 2 		2		 2 		2 		2 		2
2065	 2 		2		 2 		2 		2 		2
2066	 2 		2		 2 		2 		2 		2
2067	 2 		2		 2 		2 		2 		2
2068	 2 		2		 2 		2 		2 		2
2069	 2 		2		 2 		2 		2 		2
2070	 2 		2		 2 		2 		2 		2
2071	 2 		2		 2 		2 		2 		2
2072	 2 		2		 2 		2 		2 		2
2073	 2 		2		 2 		2 		1 		2
2074	 2 		2		 2 		2 		2 		2
2075	 2 		2		 2 		2 		2 		2
2076	 2 		2		 2 		2 		2 		2
2077	 2 		2		 2 		2 		2 		2
2078	 2 		2		 2 		2 		2 		2
2079	 2 		2		 2 		2 		2 		2
2080	 2 		2		 2 		2 		2 		2
2081	 2 		2		 2 		2 		2 		2
2082	 2 		2		 2 		2 		2 		2
2083	 2 		2		 2 		2 		2 		2
2084	 2 		2		 2 		2 		2 		2
2085	 2 		2		 2 		2 		2 		2
2086	 2 		2		 2 		2 		2 		2
2087	 2 		2		 2 		2 		2 		2
2088	 2 		2		 2 		2 		2 		2
2089	 2 		2		 2 		2 		2 		2
2090	 2 		2		 2 		2 		2 		2
2091	 2 		2		 2 		2 		2 		2
2092	 2 		2		 2 		2 		2 		2
2093	 2 		2		 2 		2 		2 		2
2094	 2 		2		 2 		2 		2 		2
2095	 2 		2		 2 		2 		2 		2
2096	 2 		2		 2 		2 		2 		2
2097	 2 		2		 2 		2 		2 		2
2098	 2 		2		 2 		2 		2 		2
2099	 2 		2		 2 		2 		2 		2
2100	 2 		2		 2 		2 		2 		2
2101	 2 		2		 2 		2 		2 		2
2102	 2 		2		 2 		2 		2 		2
2103	 2 		2		 2 		2 		2 		2
2104	 2 		2		 2 		2 		2 		2
2105	 2 		2		 2 		2 		2 		2
2106	 2 		2		 2 		2 		2 		2
2107	 2 		2		 2 		2 		2 		2
2108	 2 		2		 2 		2 		2 		2
2109	 2 		2		 2 		2 		2 		2
2110	 2 		2		 2 		2 		2 		2
2111	 2 		2		 2 		2 		2 		2
2112	 2 		2		 2 		2 		2 		2
2113	 2 		2		 2 		2 		2 		2
2114	 2 		2		 2 		2 		2 		2
2115	 2 		2		 2 		2 		2 		2
2116	 2 		2		 2 		2 		2 		2
2117	 2 		2		 2 		2 		2 		2
2118	 2 		2		 2 		2 		2 		2
2119	 2 		2		 2 		2 		2 		2
2120	 2 		2		 2 		2 		2 		2
2121	 2 		2		 2 		2 		2 		2
2122	 2 		2		 2 		2 		2 		2
2123	 2 		2		 2 		2 		2 		2
2124	 2 		2		 2 		2 		2 		2
2125	 2 		2		 2 		2 		2 		2
2126	 2 		2		 2 		2 		2 		2
2127	 2 		2		 2 		2 		2 		2
2128	 2 		2		 2 		2 		2 		2
2129	 2 		2		 2 		2 		2 		2
2130	 2 		2		 2 		2 		2 		2
2131	 2 		2		 2 		2 		2 		2
2132	 2 		2		 2 		2 		2 		2
2133	 2 		2		 2 		2 		2 		2
2134	 2 		2		 2 		2 		2 		2
2135	 2 		2		 2 		2 		2 		2
2136	 2 		2		 2 		2 		2 		2
