Index	 Truelabel 	Ensemble	 ResNet 	DenseNet 	EfficientNet
0	 0 		0		 0 		0 		0
1	 0 		0		 0 		0 		0
2	 0 		0		 0 		0 		0
3	 0 		0		 0 		0 		0
4	 0 		0		 0 		0 		0
5	 0 		0		 0 		0 		0
6	 0 		0		 0 		0 		0
7	 0 		0		 0 		0 		0
8	 0 		0		 0 		0 		0
9	 0 		0		 0 		0 		0
10	 0 		0		 0 		0 		0
11	 0 		0		 0 		0 		0
12	 0 		0		 0 		0 		0
13	 0 		0		 0 		0 		0
14	 0 		0		 0 		0 		0
15	 0 		0		 0 		0 		0
16	 0 		0		 0 		0 		0
17	 0 		0		 0 		0 		0
18	 0 		0		 0 		0 		0
19	 0 		0		 0 		0 		0
20	 0 		0		 0 		0 		0
21	 0 		0		 0 		0 		0
22	 0 		0		 0 		0 		0
23	 0 		0		 0 		0 		0
24	 0 		0		 0 		0 		0
25	 0 		0		 0 		0 		0
26	 0 		0		 0 		0 		0
27	 0 		0		 0 		0 		0
28	 0 		0		 0 		0 		0
29	 0 		0		 0 		0 		0
30	 0 		0		 0 		0 		0
31	 0 		0		 0 		0 		0
32	 0 		0		 0 		0 		0
33	 0 		0		 0 		0 		0
34	 0 		0		 0 		0 		0
35	 0 		0		 0 		0 		0
36	 0 		0		 0 		0 		0
37	 0 		0		 0 		0 		0
38	 0 		0		 0 		0 		0
39	 0 		0		 0 		0 		0
40	 0 		0		 0 		0 		0
41	 0 		0		 0 		0 		0
42	 0 		0		 0 		0 		1
43	 0 		0		 0 		0 		0
44	 0 		0		 0 		0 		0
45	 0 		0		 0 		0 		0
46	 0 		0		 0 		0 		0
47	 0 		0		 0 		0 		0
48	 0 		0		 0 		0 		0
49	 0 		0		 0 		0 		0
50	 0 		0		 0 		0 		0
51	 0 		0		 0 		0 		0
52	 0 		0		 0 		0 		0
53	 0 		0		 0 		0 		0
54	 0 		0		 0 		0 		0
55	 0 		0		 0 		0 		0
56	 0 		0		 0 		0 		0
57	 0 		0		 0 		0 		0
58	 0 		0		 0 		0 		0
59	 0 		0		 0 		0 		0
60	 0 		0		 0 		0 		0
61	 0 		0		 0 		0 		0
62	 0 		0		 0 		0 		0
63	 0 		0		 0 		0 		0
64	 0 		0		 0 		0 		0
65	 0 		0		 0 		0 		0
66	 0 		0		 0 		0 		0
67	 0 		0		 0 		0 		0
68	 0 		0		 0 		0 		0
69	 0 		0		 0 		0 		0
70	 0 		0		 1 		0 		0
71	 0 		0		 0 		0 		0
72	 0 		0		 0 		0 		0
73	 0 		0		 0 		0 		0
74	 0 		0		 0 		0 		0
75	 0 		0		 0 		0 		0
76	 0 		0		 0 		0 		0
77	 0 		0		 0 		0 		0
78	 0 		0		 0 		0 		0
79	 0 		0		 0 		0 		0
80	 0 		0		 0 		0 		0
81	 0 		0		 0 		0 		0
82	 0 		0		 0 		0 		0
83	 0 		0		 0 		0 		0
84	 0 		0		 0 		0 		0
85	 0 		0		 0 		0 		0
86	 0 		0		 0 		0 		0
87	 0 		0		 0 		0 		0
88	 0 		0		 0 		0 		0
89	 0 		0		 0 		0 		0
90	 0 		0		 0 		0 		0
91	 0 		0		 0 		0 		0
92	 0 		0		 0 		0 		0
93	 0 		0		 0 		0 		0
94	 0 		0		 0 		0 		0
95	 0 		0		 0 		0 		0
96	 0 		0		 0 		0 		0
97	 0 		0		 0 		0 		0
98	 0 		0		 0 		0 		0
99	 0 		0		 0 		0 		0
100	 0 		0		 0 		0 		0
101	 0 		0		 0 		0 		0
102	 0 		0		 0 		0 		0
103	 0 		0		 0 		0 		0
104	 0 		0		 0 		0 		0
105	 0 		0		 0 		0 		0
106	 0 		0		 0 		0 		0
107	 0 		0		 0 		0 		0
108	 0 		0		 0 		0 		0
109	 0 		0		 0 		0 		0
110	 0 		0		 0 		0 		0
111	 0 		0		 0 		0 		0
112	 0 		0		 0 		0 		0
113	 0 		0		 0 		0 		0
114	 0 		0		 0 		0 		0
115	 0 		0		 0 		0 		0
116	 0 		0		 0 		0 		0
117	 0 		0		 0 		0 		0
118	 0 		0		 0 		0 		0
119	 0 		0		 0 		0 		0
120	 0 		0		 0 		0 		0
121	 0 		0		 0 		0 		0
122	 0 		0		 0 		0 		0
123	 0 		0		 0 		0 		0
124	 0 		0		 0 		0 		0
125	 0 		0		 0 		0 		0
126	 0 		0		 0 		0 		0
127	 0 		0		 0 		0 		0
128	 0 		0		 0 		0 		0
129	 0 		0		 0 		0 		0
130	 0 		0		 0 		0 		0
131	 0 		0		 0 		0 		0
132	 0 		0		 0 		0 		0
133	 0 		0		 0 		0 		0
134	 0 		0		 0 		0 		0
135	 0 		0		 0 		0 		0
136	 0 		0		 0 		0 		0
137	 0 		0		 0 		0 		0
138	 0 		0		 0 		0 		0
139	 0 		0		 0 		0 		0
140	 0 		0		 0 		0 		0
141	 0 		0		 0 		0 		0
142	 0 		0		 0 		0 		0
143	 0 		0		 0 		0 		0
144	 0 		0		 0 		0 		0
145	 0 		0		 1 		0 		0
146	 0 		0		 0 		0 		0
147	 0 		0		 0 		0 		1
148	 0 		0		 0 		0 		0
149	 0 		0		 1 		0 		0
150	 0 		0		 0 		0 		0
151	 0 		0		 0 		0 		0
152	 0 		0		 0 		0 		0
153	 0 		0		 0 		0 		0
154	 0 		0		 0 		0 		0
155	 0 		0		 0 		0 		0
156	 0 		0		 0 		0 		0
157	 0 		0		 0 		0 		0
158	 0 		0		 0 		0 		0
159	 0 		0		 0 		0 		0
160	 0 		0		 0 		0 		0
161	 0 		0		 0 		0 		0
162	 0 		0		 0 		0 		0
163	 0 		0		 0 		0 		0
164	 0 		0		 0 		0 		0
165	 0 		0		 0 		0 		0
166	 0 		0		 0 		0 		0
167	 0 		0		 0 		0 		0
168	 0 		0		 0 		0 		0
169	 0 		0		 0 		0 		0
170	 0 		0		 0 		0 		0
171	 0 		0		 0 		0 		0
172	 0 		0		 0 		0 		0
173	 0 		0		 0 		0 		0
174	 0 		0		 0 		0 		0
175	 0 		0		 0 		0 		0
176	 0 		0		 0 		0 		0
177	 0 		0		 0 		0 		0
178	 0 		0		 0 		0 		0
179	 0 		0		 0 		0 		0
180	 0 		0		 0 		0 		0
181	 0 		0		 0 		0 		0
182	 0 		0		 0 		0 		0
183	 0 		0		 0 		0 		0
184	 0 		0		 0 		0 		0
185	 0 		0		 0 		0 		0
186	 0 		0		 0 		0 		0
187	 0 		0		 0 		0 		0
188	 0 		0		 0 		0 		0
189	 0 		0		 0 		0 		0
190	 0 		0		 0 		0 		0
191	 0 		0		 0 		0 		0
192	 0 		0		 0 		0 		0
193	 0 		0		 0 		0 		0
194	 0 		0		 0 		0 		0
195	 0 		0		 0 		0 		0
196	 0 		0		 0 		0 		0
197	 0 		0		 0 		0 		0
198	 0 		0		 0 		0 		0
199	 0 		0		 0 		0 		0
200	 0 		0		 0 		0 		0
201	 0 		0		 0 		0 		0
202	 0 		0		 0 		0 		0
203	 0 		0		 0 		0 		0
204	 0 		0		 0 		0 		0
205	 0 		0		 0 		0 		0
206	 0 		0		 0 		0 		0
207	 0 		0		 0 		0 		0
208	 0 		0		 0 		0 		0
209	 0 		0		 0 		0 		0
210	 0 		0		 0 		0 		0
211	 0 		0		 0 		0 		0
212	 0 		0		 0 		0 		0
213	 0 		0		 0 		0 		0
214	 0 		0		 0 		0 		0
215	 0 		0		 0 		0 		0
216	 0 		0		 0 		0 		0
217	 0 		0		 0 		0 		0
218	 0 		0		 0 		0 		0
219	 0 		0		 0 		0 		0
220	 0 		0		 0 		0 		0
221	 0 		0		 0 		0 		0
222	 0 		0		 0 		0 		0
223	 0 		0		 0 		0 		0
224	 0 		0		 0 		0 		0
225	 0 		0		 0 		0 		0
226	 0 		0		 0 		0 		0
227	 0 		0		 0 		0 		0
228	 0 		0		 0 		0 		0
229	 0 		0		 0 		0 		0
230	 0 		0		 0 		0 		0
231	 0 		0		 0 		0 		0
232	 0 		0		 0 		0 		0
233	 0 		0		 0 		0 		0
234	 0 		0		 0 		0 		0
235	 0 		0		 0 		0 		0
236	 0 		0		 0 		0 		0
237	 0 		0		 0 		0 		0
238	 0 		0		 0 		0 		0
239	 0 		1		 1 		1 		1
240	 0 		0		 0 		0 		0
241	 0 		0		 0 		0 		0
242	 0 		0		 0 		0 		0
243	 0 		0		 0 		0 		0
244	 0 		0		 0 		0 		0
245	 0 		0		 0 		0 		1
246	 0 		0		 0 		0 		0
247	 0 		0		 0 		0 		0
248	 0 		0		 0 		0 		0
249	 0 		0		 0 		0 		0
250	 0 		0		 0 		0 		0
251	 0 		0		 0 		0 		0
252	 0 		0		 0 		0 		0
253	 0 		0		 0 		0 		0
254	 0 		0		 0 		0 		0
255	 0 		0		 0 		0 		0
256	 0 		0		 0 		0 		0
257	 0 		0		 0 		0 		0
258	 0 		0		 0 		0 		0
259	 0 		0		 0 		0 		0
260	 0 		0		 0 		0 		0
261	 0 		0		 0 		0 		0
262	 0 		0		 0 		0 		0
263	 0 		2		 2 		2 		0
264	 0 		0		 0 		0 		0
265	 0 		0		 0 		0 		0
266	 0 		0		 0 		0 		0
267	 0 		0		 0 		0 		0
268	 0 		0		 0 		0 		0
269	 0 		0		 0 		0 		0
270	 0 		0		 0 		0 		0
271	 0 		0		 0 		0 		0
272	 0 		0		 0 		0 		0
273	 0 		0		 0 		0 		0
274	 0 		0		 0 		0 		0
275	 0 		0		 0 		0 		0
276	 0 		0		 0 		0 		0
277	 0 		0		 0 		0 		0
278	 0 		0		 0 		0 		0
279	 0 		0		 0 		0 		0
280	 0 		0		 0 		0 		0
281	 0 		0		 0 		0 		1
282	 0 		1		 1 		1 		1
283	 0 		0		 0 		0 		0
284	 0 		0		 0 		0 		0
285	 0 		0		 0 		0 		0
286	 0 		0		 0 		0 		0
287	 0 		0		 0 		0 		0
288	 0 		0		 0 		0 		0
289	 0 		0		 0 		0 		0
290	 0 		0		 0 		0 		0
291	 0 		0		 0 		0 		0
292	 0 		0		 0 		0 		0
293	 0 		0		 0 		0 		0
294	 0 		0		 0 		0 		0
295	 0 		0		 0 		0 		0
296	 0 		1		 1 		0 		1
297	 0 		0		 0 		0 		0
298	 0 		0		 0 		0 		0
299	 0 		0		 0 		0 		0
300	 0 		0		 0 		0 		0
301	 0 		0		 0 		0 		0
302	 0 		0		 0 		0 		0
303	 0 		0		 0 		0 		0
304	 0 		0		 0 		0 		0
305	 0 		0		 0 		0 		0
306	 0 		0		 0 		0 		0
307	 0 		0		 0 		0 		0
308	 0 		0		 0 		0 		0
309	 0 		0		 0 		0 		0
310	 0 		0		 0 		0 		1
311	 0 		3		 3 		1 		3
312	 0 		0		 0 		0 		0
313	 0 		0		 0 		0 		0
314	 0 		0		 0 		0 		0
315	 0 		0		 0 		0 		0
316	 0 		0		 0 		0 		0
317	 0 		0		 0 		0 		0
318	 0 		0		 0 		0 		0
319	 0 		0		 0 		1 		0
320	 0 		0		 0 		0 		0
321	 0 		0		 0 		0 		0
322	 0 		0		 0 		0 		0
323	 0 		1		 1 		1 		1
324	 0 		0		 0 		0 		0
325	 0 		0		 0 		0 		0
326	 0 		0		 0 		0 		0
327	 0 		0		 0 		0 		0
328	 0 		0		 0 		0 		0
329	 0 		0		 0 		0 		0
330	 0 		0		 1 		0 		0
331	 0 		0		 0 		0 		0
332	 0 		0		 0 		0 		0
333	 0 		0		 0 		0 		0
334	 0 		0		 0 		0 		0
335	 0 		0		 0 		0 		0
336	 0 		0		 0 		0 		0
337	 0 		0		 0 		0 		0
338	 0 		0		 0 		0 		0
339	 0 		0		 0 		0 		0
340	 0 		0		 0 		0 		0
341	 0 		0		 0 		0 		0
342	 0 		0		 0 		0 		0
343	 0 		0		 0 		0 		0
344	 0 		0		 0 		0 		0
345	 0 		0		 0 		0 		0
346	 0 		0		 0 		0 		0
347	 0 		0		 0 		0 		0
348	 0 		0		 0 		0 		0
349	 0 		0		 0 		0 		0
350	 0 		0		 0 		0 		0
351	 0 		0		 0 		0 		0
352	 0 		0		 0 		0 		0
353	 0 		0		 0 		0 		0
354	 0 		0		 0 		0 		0
355	 0 		0		 1 		0 		0
356	 0 		0		 0 		0 		0
357	 0 		0		 0 		0 		0
358	 0 		0		 0 		0 		0
359	 0 		0		 0 		0 		0
360	 0 		0		 0 		0 		0
361	 0 		0		 0 		0 		0
362	 0 		0		 0 		0 		0
363	 0 		0		 1 		0 		0
364	 0 		0		 0 		0 		0
365	 0 		0		 0 		0 		0
366	 0 		0		 0 		0 		0
367	 0 		0		 0 		0 		0
368	 0 		0		 0 		0 		0
369	 0 		0		 0 		0 		0
370	 0 		0		 0 		0 		0
371	 0 		0		 0 		0 		0
372	 0 		0		 0 		0 		0
373	 0 		0		 0 		0 		0
374	 0 		0		 0 		0 		0
375	 0 		0		 0 		0 		0
376	 0 		0		 0 		0 		0
377	 0 		0		 0 		0 		0
378	 0 		0		 0 		0 		0
379	 0 		0		 0 		0 		0
380	 0 		0		 0 		0 		0
381	 0 		0		 0 		0 		0
382	 0 		0		 0 		0 		0
383	 0 		0		 0 		0 		0
384	 0 		0		 0 		0 		0
385	 0 		0		 0 		0 		0
386	 0 		0		 0 		0 		0
387	 0 		0		 0 		0 		0
388	 0 		0		 0 		0 		0
389	 0 		0		 0 		0 		0
390	 0 		0		 0 		0 		0
391	 0 		0		 0 		0 		0
392	 0 		0		 0 		0 		0
393	 0 		0		 0 		0 		0
394	 0 		0		 0 		0 		0
395	 0 		0		 0 		0 		0
396	 0 		0		 0 		0 		0
397	 0 		0		 0 		0 		0
398	 0 		0		 0 		0 		0
399	 0 		0		 0 		0 		0
400	 0 		0		 0 		0 		0
401	 0 		0		 0 		0 		0
402	 0 		0		 0 		0 		0
403	 0 		0		 0 		0 		0
404	 0 		0		 0 		0 		0
405	 0 		0		 0 		0 		0
406	 0 		0		 0 		0 		0
407	 0 		0		 0 		0 		0
408	 0 		0		 0 		0 		0
409	 0 		0		 0 		0 		0
410	 0 		0		 0 		0 		0
411	 0 		0		 0 		0 		0
412	 0 		0		 0 		0 		0
413	 0 		0		 0 		0 		0
414	 0 		0		 0 		0 		0
415	 0 		0		 0 		0 		0
416	 0 		0		 0 		0 		0
417	 0 		0		 0 		0 		0
418	 0 		0		 0 		0 		0
419	 0 		0		 0 		0 		0
420	 0 		0		 0 		0 		0
421	 0 		0		 0 		0 		0
422	 0 		0		 0 		0 		0
423	 0 		0		 0 		0 		0
424	 0 		0		 0 		0 		0
425	 0 		0		 0 		0 		0
426	 0 		0		 0 		0 		0
427	 0 		0		 0 		0 		0
428	 0 		0		 0 		0 		0
429	 0 		0		 0 		0 		0
430	 0 		0		 0 		0 		0
431	 0 		0		 0 		0 		0
432	 0 		0		 0 		0 		0
433	 0 		0		 0 		0 		0
434	 0 		0		 0 		0 		0
435	 0 		0		 0 		0 		0
436	 0 		0		 0 		0 		0
437	 0 		0		 0 		0 		0
438	 0 		0		 0 		0 		0
439	 0 		0		 0 		0 		0
440	 0 		0		 0 		0 		0
441	 0 		0		 0 		0 		0
442	 0 		0		 0 		0 		0
443	 0 		0		 0 		0 		0
444	 0 		0		 0 		0 		0
445	 0 		0		 0 		0 		0
446	 0 		0		 0 		0 		0
447	 0 		0		 0 		0 		0
448	 0 		0		 0 		0 		0
449	 0 		0		 0 		0 		0
450	 0 		0		 0 		0 		0
451	 0 		0		 0 		0 		0
452	 0 		0		 0 		0 		0
453	 0 		0		 0 		0 		0
454	 0 		0		 0 		0 		0
455	 0 		0		 0 		0 		0
456	 0 		0		 0 		0 		0
457	 0 		0		 0 		0 		0
458	 0 		0		 0 		0 		0
459	 0 		0		 0 		0 		0
460	 0 		0		 0 		0 		0
461	 0 		0		 0 		0 		0
462	 0 		0		 0 		0 		0
463	 0 		0		 0 		0 		0
464	 0 		0		 0 		0 		0
465	 0 		0		 0 		0 		0
466	 0 		0		 0 		0 		0
467	 0 		0		 0 		0 		0
468	 0 		0		 0 		0 		0
469	 0 		0		 0 		0 		0
470	 0 		0		 0 		0 		0
471	 0 		0		 0 		0 		0
472	 0 		0		 0 		0 		0
473	 0 		0		 0 		0 		0
474	 0 		0		 0 		0 		0
475	 0 		0		 0 		0 		0
476	 0 		0		 0 		0 		0
477	 0 		0		 0 		0 		0
478	 0 		0		 0 		0 		0
479	 0 		0		 0 		0 		0
480	 0 		0		 0 		0 		0
481	 0 		0		 0 		0 		0
482	 0 		0		 0 		0 		0
483	 0 		0		 0 		0 		0
484	 0 		0		 0 		0 		0
485	 0 		0		 0 		0 		0
486	 0 		0		 0 		0 		0
487	 0 		0		 0 		0 		0
488	 0 		0		 0 		0 		0
489	 0 		0		 0 		0 		0
490	 0 		0		 0 		0 		0
491	 0 		0		 0 		0 		0
492	 0 		0		 0 		0 		0
493	 0 		0		 0 		0 		0
494	 0 		0		 0 		0 		0
495	 0 		0		 0 		0 		0
496	 0 		0		 0 		0 		0
497	 0 		0		 0 		0 		0
498	 0 		0		 0 		0 		0
499	 0 		0		 0 		0 		0
500	 0 		0		 0 		0 		0
501	 0 		0		 0 		0 		0
502	 0 		0		 0 		0 		0
503	 0 		0		 0 		0 		1
504	 0 		0		 0 		0 		0
505	 0 		0		 0 		0 		0
506	 0 		0		 0 		0 		0
507	 0 		0		 0 		0 		0
508	 0 		0		 0 		0 		0
509	 0 		0		 0 		0 		0
510	 0 		0		 0 		0 		0
511	 0 		0		 0 		0 		0
512	 0 		0		 0 		0 		0
513	 0 		0		 0 		0 		0
514	 0 		0		 0 		0 		0
515	 0 		0		 0 		0 		0
516	 0 		0		 0 		0 		0
517	 0 		0		 0 		0 		0
518	 0 		0		 0 		0 		0
519	 0 		0		 0 		0 		0
520	 0 		0		 0 		0 		0
521	 0 		0		 0 		0 		0
522	 0 		0		 0 		0 		0
523	 0 		0		 0 		0 		0
524	 0 		0		 0 		0 		0
525	 0 		0		 0 		0 		0
526	 0 		0		 0 		0 		0
527	 0 		0		 0 		0 		0
528	 0 		0		 0 		0 		0
529	 0 		0		 0 		0 		0
530	 0 		0		 0 		0 		0
531	 0 		0		 0 		0 		0
532	 0 		0		 0 		0 		0
533	 0 		0		 0 		0 		0
534	 0 		0		 0 		0 		0
535	 0 		0		 0 		0 		0
536	 0 		0		 0 		0 		0
537	 0 		0		 0 		0 		0
538	 0 		0		 0 		0 		0
539	 0 		0		 0 		0 		0
540	 0 		0		 0 		0 		0
541	 0 		0		 0 		0 		0
542	 0 		0		 0 		0 		0
543	 0 		0		 0 		0 		0
544	 0 		0		 0 		0 		0
545	 0 		0		 0 		0 		0
546	 0 		0		 0 		0 		0
547	 0 		0		 0 		0 		0
548	 0 		0		 0 		0 		0
549	 0 		0		 0 		0 		0
550	 0 		0		 0 		0 		0
551	 0 		0		 0 		0 		0
552	 0 		0		 0 		0 		0
553	 0 		0		 0 		0 		0
554	 0 		0		 0 		0 		0
555	 0 		0		 0 		0 		0
556	 0 		0		 0 		0 		0
557	 0 		0		 0 		0 		0
558	 0 		0		 0 		0 		0
559	 0 		0		 0 		0 		0
560	 0 		0		 0 		0 		0
561	 0 		0		 0 		0 		0
562	 0 		0		 0 		0 		0
563	 0 		0		 0 		0 		0
564	 0 		0		 0 		0 		0
565	 0 		0		 0 		0 		0
566	 0 		0		 0 		0 		0
567	 0 		0		 0 		0 		0
568	 0 		0		 0 		0 		0
569	 0 		0		 0 		0 		0
570	 0 		0		 0 		0 		0
571	 0 		0		 0 		0 		0
572	 0 		0		 0 		0 		0
573	 0 		0		 0 		0 		0
574	 0 		0		 0 		0 		0
575	 0 		0		 0 		0 		0
576	 0 		0		 0 		0 		0
577	 0 		0		 0 		0 		0
578	 0 		0		 0 		0 		0
579	 0 		0		 0 		0 		0
580	 0 		0		 0 		0 		0
581	 0 		0		 0 		0 		0
582	 0 		0		 0 		0 		0
583	 0 		0		 0 		0 		0
584	 0 		0		 0 		0 		0
585	 0 		0		 0 		0 		0
586	 0 		0		 0 		0 		0
587	 0 		0		 0 		0 		0
588	 0 		0		 0 		0 		0
589	 0 		0		 0 		0 		0
590	 0 		0		 0 		0 		0
591	 0 		0		 0 		0 		0
592	 0 		0		 0 		0 		0
593	 0 		0		 0 		0 		0
594	 0 		0		 0 		0 		0
595	 0 		0		 0 		0 		0
596	 0 		0		 0 		0 		0
597	 0 		0		 0 		0 		0
598	 0 		0		 0 		0 		0
599	 0 		0		 0 		0 		0
600	 0 		0		 0 		0 		0
601	 0 		0		 0 		0 		0
602	 0 		0		 0 		0 		0
603	 0 		0		 0 		0 		0
604	 0 		0		 0 		0 		0
605	 0 		0		 0 		0 		0
606	 0 		0		 0 		0 		0
607	 0 		0		 0 		0 		0
608	 0 		0		 0 		0 		0
609	 0 		0		 0 		0 		0
610	 0 		0		 0 		0 		0
611	 0 		0		 0 		0 		1
612	 0 		0		 0 		0 		0
613	 0 		0		 0 		0 		0
614	 0 		0		 0 		0 		0
615	 0 		0		 0 		0 		0
616	 0 		0		 0 		0 		0
617	 0 		0		 0 		0 		0
618	 0 		0		 0 		0 		0
619	 0 		0		 0 		0 		0
620	 0 		0		 0 		0 		0
621	 0 		0		 0 		0 		0
622	 0 		0		 0 		0 		0
623	 0 		0		 0 		0 		0
624	 0 		0		 0 		0 		0
625	 0 		0		 0 		0 		0
626	 0 		0		 0 		0 		0
627	 0 		0		 0 		0 		0
628	 0 		0		 0 		0 		0
629	 0 		0		 1 		0 		0
630	 0 		0		 0 		0 		0
631	 0 		0		 1 		0 		0
632	 0 		0		 0 		0 		0
633	 0 		0		 0 		0 		0
634	 0 		0		 0 		0 		0
635	 0 		0		 0 		0 		0
636	 0 		0		 0 		0 		0
637	 0 		0		 0 		0 		0
638	 0 		0		 0 		0 		0
639	 0 		0		 0 		0 		0
640	 0 		0		 0 		0 		0
641	 0 		0		 0 		0 		0
642	 0 		0		 0 		0 		0
643	 0 		0		 0 		0 		0
644	 0 		0		 0 		0 		0
645	 0 		0		 0 		1 		0
646	 0 		0		 0 		0 		0
647	 0 		0		 0 		0 		0
648	 0 		0		 0 		0 		0
649	 0 		0		 0 		0 		0
650	 0 		1		 0 		1 		1
651	 0 		0		 0 		0 		0
652	 0 		0		 0 		0 		0
653	 0 		0		 0 		0 		0
654	 0 		0		 0 		0 		0
655	 0 		0		 0 		0 		0
656	 0 		0		 0 		0 		0
657	 0 		0		 0 		0 		0
658	 0 		0		 0 		0 		0
659	 0 		0		 0 		0 		0
660	 0 		0		 0 		0 		0
661	 0 		0		 0 		0 		0
662	 0 		0		 0 		0 		0
663	 0 		0		 0 		0 		0
664	 0 		0		 0 		0 		0
665	 0 		0		 0 		0 		0
666	 0 		0		 0 		0 		0
667	 0 		0		 0 		0 		0
668	 0 		0		 0 		0 		0
669	 0 		0		 0 		0 		0
670	 0 		0		 0 		0 		0
671	 0 		0		 0 		0 		0
672	 0 		0		 0 		0 		0
673	 0 		0		 0 		0 		0
674	 0 		0		 0 		0 		0
675	 0 		0		 0 		0 		0
676	 0 		0		 0 		0 		0
677	 0 		0		 0 		0 		0
678	 0 		0		 0 		0 		0
679	 0 		0		 0 		0 		0
680	 0 		0		 0 		0 		0
681	 0 		0		 0 		0 		0
682	 0 		0		 0 		0 		0
683	 0 		0		 0 		0 		0
684	 0 		0		 0 		0 		0
685	 0 		0		 0 		0 		0
686	 0 		0		 0 		0 		0
687	 0 		0		 0 		0 		0
688	 0 		0		 0 		0 		0
689	 0 		1		 1 		0 		1
690	 0 		0		 0 		0 		0
691	 0 		0		 0 		0 		0
692	 0 		0		 0 		0 		0
693	 0 		0		 0 		0 		0
694	 0 		0		 0 		0 		0
695	 0 		0		 0 		0 		0
696	 0 		0		 0 		0 		0
697	 0 		0		 0 		0 		0
698	 0 		0		 0 		0 		0
699	 0 		0		 0 		0 		0
700	 0 		0		 0 		0 		0
701	 0 		0		 0 		0 		0
702	 0 		0		 0 		0 		0
703	 0 		0		 0 		0 		0
704	 0 		0		 0 		0 		0
705	 0 		0		 0 		0 		0
706	 0 		0		 0 		0 		0
707	 0 		0		 0 		0 		0
708	 0 		0		 0 		0 		0
709	 0 		0		 0 		0 		0
710	 0 		0		 0 		0 		0
711	 0 		0		 0 		0 		0
712	 0 		0		 0 		0 		0
713	 0 		0		 0 		0 		0
714	 0 		0		 0 		0 		0
715	 0 		0		 0 		0 		0
716	 0 		0		 0 		0 		0
717	 0 		0		 0 		0 		0
718	 0 		0		 0 		0 		0
719	 0 		0		 0 		0 		0
720	 0 		0		 0 		0 		0
721	 0 		0		 0 		0 		0
722	 0 		0		 0 		0 		0
723	 0 		0		 0 		0 		0
724	 0 		0		 0 		0 		0
725	 0 		0		 0 		0 		0
726	 0 		0		 0 		0 		0
727	 0 		0		 0 		0 		0
728	 0 		0		 0 		0 		0
729	 0 		0		 0 		0 		0
730	 0 		0		 3 		0 		0
731	 0 		0		 0 		0 		0
732	 0 		0		 0 		0 		0
733	 0 		0		 0 		0 		0
734	 0 		0		 0 		0 		0
735	 0 		0		 0 		0 		0
736	 0 		0		 0 		0 		0
737	 0 		0		 0 		0 		0
738	 0 		0		 0 		0 		0
739	 0 		0		 0 		0 		0
740	 0 		0		 0 		0 		0
741	 0 		0		 0 		0 		0
742	 0 		0		 0 		0 		0
743	 0 		0		 0 		0 		0
744	 0 		0		 0 		0 		0
745	 0 		0		 0 		0 		0
746	 0 		0		 0 		0 		0
747	 0 		0		 0 		0 		0
748	 0 		0		 0 		1 		0
749	 0 		0		 0 		0 		0
750	 0 		0		 0 		0 		0
751	 0 		0		 0 		0 		0
752	 0 		0		 0 		0 		0
753	 0 		0		 0 		0 		0
754	 0 		0		 0 		0 		0
755	 0 		0		 0 		0 		0
756	 0 		0		 0 		0 		0
757	 0 		0		 0 		0 		0
758	 0 		0		 0 		0 		0
759	 0 		0		 0 		0 		0
760	 0 		0		 0 		0 		0
761	 0 		0		 0 		0 		0
762	 0 		0		 0 		0 		0
763	 0 		0		 0 		0 		0
764	 0 		0		 0 		0 		0
765	 0 		0		 0 		0 		0
766	 0 		0		 0 		0 		0
767	 0 		0		 0 		0 		0
768	 0 		0		 0 		0 		0
769	 0 		0		 0 		0 		0
770	 0 		0		 0 		0 		0
771	 0 		0		 0 		0 		0
772	 0 		0		 0 		0 		0
773	 0 		0		 0 		0 		1
774	 0 		0		 0 		0 		0
775	 0 		0		 0 		0 		0
776	 0 		0		 0 		0 		0
777	 0 		0		 0 		0 		0
778	 0 		0		 0 		0 		0
779	 0 		0		 0 		0 		0
780	 0 		0		 0 		0 		0
781	 0 		0		 0 		0 		0
782	 0 		0		 0 		0 		0
783	 0 		0		 0 		0 		0
784	 0 		0		 0 		0 		0
785	 0 		0		 0 		0 		0
786	 0 		0		 0 		0 		0
787	 0 		0		 0 		0 		0
788	 0 		0		 0 		0 		0
789	 0 		0		 0 		0 		0
790	 0 		0		 0 		0 		0
791	 0 		0		 0 		0 		0
792	 0 		0		 0 		0 		0
793	 0 		0		 0 		0 		0
794	 0 		0		 0 		0 		0
795	 0 		0		 0 		0 		0
796	 0 		0		 0 		0 		0
797	 0 		0		 0 		0 		0
798	 0 		0		 0 		0 		0
799	 0 		0		 0 		0 		0
800	 0 		0		 0 		0 		0
801	 0 		0		 0 		0 		0
802	 0 		0		 0 		0 		0
803	 0 		0		 0 		0 		0
804	 0 		0		 0 		0 		0
805	 0 		0		 0 		0 		0
806	 0 		0		 0 		0 		0
807	 0 		0		 0 		0 		0
808	 0 		0		 0 		0 		0
809	 0 		0		 0 		0 		0
810	 0 		0		 0 		0 		0
811	 0 		0		 0 		0 		0
812	 0 		0		 0 		0 		0
813	 0 		0		 0 		0 		0
814	 0 		0		 0 		0 		0
815	 0 		0		 0 		0 		0
816	 0 		0		 0 		0 		0
817	 0 		0		 0 		0 		0
818	 0 		0		 0 		0 		0
819	 0 		0		 0 		0 		0
820	 0 		0		 0 		0 		0
821	 0 		0		 0 		0 		0
822	 0 		0		 0 		0 		0
823	 0 		0		 0 		0 		0
824	 0 		0		 0 		0 		0
825	 0 		0		 0 		0 		0
826	 0 		0		 0 		0 		0
827	 0 		0		 0 		0 		0
828	 0 		0		 0 		0 		0
829	 0 		0		 0 		0 		0
830	 0 		0		 0 		0 		0
831	 0 		0		 0 		0 		0
832	 0 		0		 0 		0 		0
833	 0 		0		 0 		0 		0
834	 0 		0		 0 		0 		0
835	 0 		0		 0 		0 		0
836	 0 		0		 0 		0 		0
837	 0 		0		 0 		0 		0
838	 0 		0		 0 		0 		0
839	 0 		0		 0 		0 		0
840	 0 		0		 0 		0 		0
841	 0 		0		 0 		0 		0
842	 0 		0		 0 		0 		0
843	 0 		0		 0 		0 		0
844	 0 		0		 0 		0 		0
845	 0 		0		 0 		0 		0
846	 0 		0		 0 		0 		0
847	 0 		0		 0 		0 		0
848	 0 		0		 0 		0 		0
849	 0 		0		 0 		0 		0
850	 0 		0		 0 		0 		0
851	 0 		0		 0 		0 		0
852	 0 		0		 0 		0 		0
853	 0 		0		 0 		0 		0
854	 0 		0		 0 		0 		0
855	 0 		0		 0 		0 		0
856	 0 		0		 0 		0 		0
857	 0 		0		 0 		0 		0
858	 0 		0		 0 		0 		0
859	 0 		0		 0 		0 		0
860	 0 		0		 0 		0 		0
861	 0 		0		 0 		0 		0
862	 0 		0		 0 		0 		0
863	 0 		0		 0 		0 		0
864	 0 		0		 0 		0 		0
865	 0 		0		 0 		0 		0
866	 1 		1		 1 		1 		1
867	 1 		1		 1 		1 		1
868	 1 		1		 1 		1 		1
869	 1 		1		 1 		1 		1
870	 1 		1		 1 		1 		1
871	 1 		1		 1 		1 		1
872	 1 		1		 1 		1 		1
873	 1 		1		 1 		1 		1
874	 1 		1		 1 		1 		1
875	 1 		1		 1 		1 		1
876	 1 		1		 1 		1 		1
877	 1 		1		 1 		1 		1
878	 1 		1		 1 		1 		1
879	 1 		1		 1 		1 		1
880	 1 		1		 1 		1 		1
881	 1 		1		 1 		1 		1
882	 1 		1		 1 		1 		1
883	 1 		1		 1 		1 		1
884	 1 		1		 1 		1 		1
885	 1 		1		 1 		1 		1
886	 1 		1		 1 		1 		1
887	 1 		1		 1 		1 		1
888	 1 		1		 1 		1 		1
889	 1 		1		 1 		1 		1
890	 1 		1		 1 		1 		1
891	 1 		1		 1 		1 		1
892	 1 		1		 1 		1 		1
893	 1 		1		 1 		1 		1
894	 1 		1		 1 		1 		1
895	 1 		1		 1 		1 		1
896	 1 		1		 1 		1 		1
897	 1 		1		 1 		1 		1
898	 1 		1		 1 		1 		1
899	 1 		1		 1 		1 		1
900	 1 		1		 1 		1 		1
901	 1 		1		 1 		1 		1
902	 1 		1		 1 		1 		1
903	 1 		1		 1 		1 		1
904	 1 		1		 1 		1 		1
905	 1 		1		 1 		1 		1
906	 1 		1		 1 		1 		1
907	 1 		1		 1 		1 		1
908	 1 		1		 1 		1 		1
909	 1 		1		 1 		1 		1
910	 1 		0		 0 		0 		1
911	 1 		1		 1 		1 		1
912	 1 		1		 1 		1 		1
913	 1 		1		 1 		1 		1
914	 1 		1		 1 		1 		1
915	 1 		1		 1 		1 		1
916	 1 		1		 1 		1 		1
917	 1 		1		 1 		1 		1
918	 1 		1		 1 		1 		1
919	 1 		1		 1 		1 		1
920	 1 		1		 1 		1 		1
921	 1 		1		 1 		1 		1
922	 1 		1		 1 		1 		1
923	 1 		1		 1 		1 		1
924	 1 		1		 1 		1 		1
925	 1 		1		 1 		1 		1
926	 1 		1		 1 		1 		1
927	 1 		1		 0 		1 		1
928	 1 		1		 1 		1 		1
929	 1 		1		 1 		1 		1
930	 1 		1		 1 		1 		1
931	 1 		1		 1 		1 		1
932	 1 		1		 1 		1 		1
933	 1 		1		 1 		0 		1
934	 1 		1		 1 		1 		1
935	 1 		1		 1 		1 		1
936	 1 		1		 1 		1 		1
937	 1 		1		 1 		1 		1
938	 1 		1		 1 		1 		1
939	 1 		1		 1 		1 		1
940	 1 		1		 1 		1 		1
941	 1 		1		 1 		1 		1
942	 1 		1		 1 		1 		1
943	 1 		1		 1 		1 		1
944	 1 		1		 1 		1 		1
945	 1 		1		 1 		1 		1
946	 1 		1		 1 		1 		1
947	 1 		1		 1 		1 		1
948	 1 		1		 1 		1 		1
949	 1 		1		 1 		1 		1
950	 1 		1		 1 		1 		1
951	 1 		1		 1 		1 		1
952	 1 		1		 1 		1 		1
953	 1 		1		 1 		1 		1
954	 1 		1		 1 		1 		1
955	 1 		1		 1 		1 		1
956	 1 		1		 1 		1 		1
957	 1 		1		 1 		1 		1
958	 1 		1		 1 		1 		1
959	 1 		1		 1 		1 		1
960	 1 		1		 1 		1 		1
961	 1 		1		 1 		1 		1
962	 1 		1		 1 		1 		1
963	 1 		1		 1 		1 		1
964	 1 		1		 1 		1 		1
965	 1 		1		 1 		1 		1
966	 1 		1		 1 		1 		1
967	 1 		1		 1 		1 		1
968	 1 		1		 1 		1 		1
969	 1 		1		 1 		1 		1
970	 1 		1		 1 		1 		1
971	 1 		1		 1 		1 		1
972	 1 		1		 1 		1 		1
973	 1 		1		 1 		1 		1
974	 1 		1		 1 		1 		1
975	 1 		1		 1 		1 		1
976	 1 		1		 1 		1 		1
977	 1 		1		 1 		1 		1
978	 1 		1		 1 		1 		1
979	 1 		1		 1 		1 		1
980	 1 		1		 1 		1 		1
981	 1 		1		 1 		1 		1
982	 1 		1		 1 		1 		1
983	 1 		1		 1 		1 		1
984	 1 		1		 1 		1 		1
985	 1 		1		 1 		1 		1
986	 1 		1		 1 		1 		1
987	 1 		1		 1 		1 		1
988	 1 		1		 1 		1 		1
989	 1 		1		 1 		1 		1
990	 1 		1		 1 		1 		1
991	 1 		1		 1 		1 		1
992	 1 		1		 1 		1 		1
993	 1 		1		 1 		1 		1
994	 1 		1		 1 		1 		1
995	 1 		1		 1 		1 		1
996	 1 		1		 1 		1 		1
997	 1 		1		 1 		1 		1
998	 1 		1		 1 		1 		1
999	 1 		1		 1 		1 		1
1000	 1 		1		 1 		1 		1
1001	 1 		1		 1 		1 		1
1002	 1 		1		 1 		1 		1
1003	 1 		1		 1 		1 		1
1004	 1 		1		 1 		1 		1
1005	 1 		1		 1 		1 		1
1006	 1 		1		 1 		1 		1
1007	 1 		1		 1 		1 		1
1008	 1 		1		 1 		1 		1
1009	 1 		1		 1 		1 		1
1010	 1 		1		 1 		1 		1
1011	 1 		1		 1 		1 		1
1012	 1 		1		 1 		1 		1
1013	 1 		1		 1 		1 		1
1014	 1 		1		 1 		1 		1
1015	 1 		1		 1 		1 		1
1016	 1 		1		 1 		1 		1
1017	 1 		1		 1 		1 		1
1018	 1 		1		 1 		1 		1
1019	 1 		1		 1 		1 		1
1020	 1 		1		 1 		1 		1
1021	 1 		1		 1 		1 		1
1022	 1 		1		 1 		1 		1
1023	 1 		1		 1 		1 		1
1024	 1 		1		 1 		1 		1
1025	 1 		1		 1 		1 		1
1026	 1 		1		 1 		1 		1
1027	 1 		1		 1 		1 		1
1028	 1 		1		 1 		1 		3
1029	 1 		1		 1 		1 		1
1030	 1 		1		 1 		1 		1
1031	 1 		1		 1 		1 		1
1032	 1 		1		 1 		1 		1
1033	 1 		1		 1 		1 		1
1034	 1 		1		 1 		1 		1
1035	 1 		1		 1 		1 		1
1036	 1 		1		 1 		1 		1
1037	 1 		1		 1 		1 		1
1038	 1 		1		 1 		1 		1
1039	 1 		1		 1 		1 		1
1040	 1 		1		 1 		1 		1
1041	 1 		1		 1 		1 		3
1042	 1 		1		 1 		1 		1
1043	 1 		1		 1 		1 		1
1044	 1 		1		 1 		1 		1
1045	 1 		1		 1 		1 		1
1046	 1 		1		 1 		1 		1
1047	 1 		1		 1 		1 		1
1048	 1 		1		 1 		1 		1
1049	 1 		1		 1 		1 		1
1050	 1 		1		 1 		1 		1
1051	 1 		1		 1 		1 		1
1052	 1 		1		 1 		1 		1
1053	 1 		1		 1 		1 		1
1054	 1 		1		 1 		1 		1
1055	 1 		1		 1 		1 		1
1056	 1 		1		 1 		1 		1
1057	 1 		1		 1 		1 		1
1058	 1 		1		 1 		1 		1
1059	 1 		1		 1 		1 		1
1060	 1 		1		 1 		1 		1
1061	 1 		1		 1 		1 		1
1062	 1 		1		 1 		1 		1
1063	 1 		1		 1 		1 		1
1064	 1 		1		 1 		1 		1
1065	 1 		1		 1 		1 		1
1066	 1 		1		 1 		1 		1
1067	 1 		1		 1 		1 		1
1068	 1 		1		 1 		1 		1
1069	 1 		1		 1 		1 		1
1070	 1 		1		 1 		1 		1
1071	 1 		1		 1 		1 		1
1072	 1 		1		 1 		1 		1
1073	 1 		1		 1 		1 		1
1074	 1 		1		 1 		1 		1
1075	 1 		1		 1 		1 		1
1076	 1 		1		 1 		1 		1
1077	 1 		1		 1 		1 		1
1078	 1 		1		 1 		1 		1
1079	 1 		1		 1 		1 		1
1080	 1 		1		 1 		1 		1
1081	 1 		1		 1 		1 		1
1082	 1 		1		 1 		1 		1
1083	 1 		1		 1 		1 		1
1084	 1 		1		 1 		1 		1
1085	 1 		1		 1 		1 		1
1086	 1 		1		 1 		1 		1
1087	 1 		1		 1 		1 		1
1088	 1 		1		 1 		1 		1
1089	 1 		1		 1 		1 		1
1090	 1 		1		 1 		1 		1
1091	 1 		1		 1 		1 		1
1092	 1 		1		 1 		1 		1
1093	 1 		1		 1 		1 		1
1094	 1 		1		 1 		1 		1
1095	 1 		1		 1 		0 		1
1096	 1 		1		 1 		1 		1
1097	 1 		1		 1 		1 		1
1098	 1 		1		 1 		1 		1
1099	 1 		1		 1 		1 		1
1100	 1 		1		 1 		1 		1
1101	 1 		1		 1 		1 		1
1102	 1 		1		 1 		1 		1
1103	 1 		1		 1 		1 		1
1104	 1 		1		 1 		1 		1
1105	 1 		1		 1 		1 		1
1106	 1 		1		 1 		1 		1
1107	 1 		1		 0 		1 		1
1108	 1 		1		 1 		1 		1
1109	 1 		1		 1 		1 		1
1110	 1 		1		 1 		1 		1
1111	 1 		1		 1 		1 		1
1112	 1 		1		 1 		1 		1
1113	 1 		1		 1 		1 		1
1114	 1 		1		 1 		1 		1
1115	 1 		1		 1 		1 		1
1116	 1 		1		 1 		1 		1
1117	 1 		1		 1 		1 		1
1118	 1 		1		 1 		1 		1
1119	 1 		1		 1 		1 		1
1120	 1 		1		 1 		1 		1
1121	 1 		1		 1 		1 		1
1122	 1 		0		 0 		1 		0
1123	 1 		1		 1 		1 		1
1124	 1 		1		 1 		1 		1
1125	 1 		1		 1 		1 		1
1126	 1 		1		 1 		1 		1
1127	 1 		1		 1 		1 		1
1128	 1 		1		 1 		1 		1
1129	 1 		1		 1 		1 		1
1130	 1 		1		 1 		1 		1
1131	 1 		1		 1 		1 		1
1132	 1 		1		 1 		1 		1
1133	 1 		1		 1 		1 		1
1134	 1 		1		 1 		1 		1
1135	 1 		1		 1 		1 		1
1136	 1 		1		 0 		1 		1
1137	 1 		1		 1 		1 		1
1138	 1 		1		 1 		1 		1
1139	 1 		1		 1 		1 		1
1140	 1 		1		 1 		1 		1
1141	 1 		1		 1 		1 		1
1142	 1 		1		 1 		1 		1
1143	 1 		1		 1 		1 		1
1144	 1 		1		 1 		1 		1
1145	 1 		1		 1 		1 		1
1146	 1 		1		 1 		1 		1
1147	 1 		1		 1 		1 		1
1148	 1 		1		 1 		1 		1
1149	 1 		1		 1 		1 		1
1150	 1 		1		 1 		1 		1
1151	 1 		1		 1 		1 		1
1152	 1 		1		 1 		1 		1
1153	 1 		1		 1 		1 		1
1154	 1 		1		 1 		1 		1
1155	 1 		1		 1 		1 		1
1156	 1 		1		 1 		1 		1
1157	 1 		1		 1 		1 		1
1158	 1 		1		 1 		1 		1
1159	 1 		1		 1 		1 		1
1160	 1 		1		 1 		1 		1
1161	 1 		1		 1 		1 		1
1162	 1 		1		 1 		1 		1
1163	 1 		1		 1 		1 		1
1164	 1 		1		 1 		1 		1
1165	 1 		1		 1 		1 		1
1166	 1 		1		 1 		1 		1
1167	 1 		1		 1 		1 		1
1168	 1 		1		 1 		1 		3
1169	 1 		1		 3 		1 		1
1170	 1 		1		 1 		1 		1
1171	 1 		1		 1 		1 		1
1172	 1 		1		 1 		1 		1
1173	 1 		1		 1 		1 		1
1174	 1 		1		 1 		1 		1
1175	 1 		1		 1 		1 		1
1176	 1 		1		 1 		1 		1
1177	 1 		1		 1 		1 		1
1178	 1 		1		 1 		1 		1
1179	 1 		1		 1 		1 		1
1180	 1 		1		 1 		1 		1
1181	 1 		1		 1 		1 		1
1182	 1 		1		 1 		1 		1
1183	 1 		1		 1 		1 		1
1184	 1 		1		 1 		1 		1
1185	 1 		1		 1 		1 		1
1186	 1 		1		 1 		1 		1
1187	 1 		1		 1 		1 		1
1188	 1 		1		 1 		0 		1
1189	 1 		1		 1 		1 		1
1190	 1 		1		 1 		1 		1
1191	 1 		1		 1 		1 		1
1192	 1 		1		 1 		1 		1
1193	 1 		1		 1 		1 		1
1194	 1 		1		 1 		1 		1
1195	 1 		1		 1 		1 		1
1196	 1 		1		 1 		1 		1
1197	 1 		1		 1 		1 		1
1198	 1 		1		 1 		1 		1
1199	 1 		1		 1 		1 		1
1200	 1 		1		 1 		1 		1
1201	 1 		1		 1 		1 		1
1202	 1 		1		 1 		1 		1
1203	 1 		1		 1 		1 		1
1204	 1 		1		 1 		1 		1
1205	 1 		1		 1 		1 		1
1206	 1 		1		 1 		1 		1
1207	 1 		1		 1 		1 		1
1208	 1 		1		 1 		1 		1
1209	 1 		1		 1 		1 		1
1210	 1 		1		 1 		1 		1
1211	 1 		1		 1 		1 		1
1212	 1 		1		 1 		1 		1
1213	 1 		1		 1 		1 		1
1214	 1 		1		 1 		1 		1
1215	 1 		1		 1 		1 		1
1216	 1 		1		 1 		1 		1
1217	 1 		1		 1 		1 		1
1218	 1 		1		 1 		1 		1
1219	 1 		1		 1 		1 		1
1220	 1 		1		 1 		1 		1
1221	 1 		1		 1 		1 		1
1222	 1 		1		 1 		1 		1
1223	 1 		1		 1 		1 		1
1224	 1 		1		 1 		1 		1
1225	 1 		1		 1 		1 		1
1226	 1 		1		 1 		1 		1
1227	 1 		1		 1 		1 		1
1228	 1 		1		 1 		1 		1
1229	 1 		1		 1 		1 		1
1230	 1 		1		 1 		1 		1
1231	 1 		1		 0 		1 		1
1232	 1 		1		 1 		1 		1
1233	 1 		1		 1 		1 		1
1234	 1 		1		 1 		1 		1
1235	 1 		1		 1 		1 		1
1236	 1 		1		 1 		1 		1
1237	 1 		1		 1 		1 		1
1238	 1 		1		 1 		1 		1
1239	 1 		1		 1 		1 		1
1240	 1 		1		 1 		1 		1
1241	 1 		1		 1 		1 		1
1242	 1 		1		 1 		1 		1
1243	 1 		1		 1 		1 		1
1244	 1 		1		 1 		1 		1
1245	 1 		1		 1 		1 		1
1246	 1 		1		 1 		1 		1
1247	 1 		1		 1 		1 		1
1248	 1 		1		 1 		1 		1
1249	 1 		1		 1 		1 		1
1250	 1 		1		 1 		1 		1
1251	 1 		1		 1 		1 		1
1252	 1 		1		 1 		1 		1
1253	 1 		1		 1 		1 		1
1254	 1 		1		 1 		1 		1
1255	 1 		1		 1 		1 		1
1256	 1 		1		 1 		1 		1
1257	 1 		1		 1 		1 		1
1258	 1 		1		 1 		1 		1
1259	 1 		1		 1 		1 		1
1260	 1 		1		 1 		1 		1
1261	 1 		1		 1 		1 		1
1262	 1 		1		 1 		1 		1
1263	 1 		1		 1 		1 		1
1264	 1 		1		 1 		1 		1
1265	 1 		1		 1 		1 		1
1266	 1 		1		 1 		1 		1
1267	 1 		1		 1 		1 		1
1268	 1 		1		 1 		1 		1
1269	 1 		1		 1 		1 		1
1270	 1 		1		 1 		0 		1
1271	 1 		1		 1 		1 		1
1272	 1 		1		 1 		1 		1
1273	 1 		1		 1 		1 		1
1274	 1 		1		 1 		1 		1
1275	 1 		1		 1 		1 		1
1276	 1 		1		 1 		1 		1
1277	 1 		1		 0 		1 		1
1278	 1 		1		 1 		1 		1
1279	 1 		1		 1 		1 		1
1280	 1 		1		 1 		1 		1
1281	 1 		1		 1 		1 		1
1282	 1 		1		 1 		1 		1
1283	 1 		1		 1 		1 		1
1284	 1 		1		 1 		1 		1
1285	 1 		1		 1 		1 		1
1286	 1 		1		 1 		1 		1
1287	 1 		1		 1 		1 		1
1288	 1 		1		 1 		1 		1
1289	 1 		1		 1 		1 		1
1290	 1 		1		 1 		1 		1
1291	 1 		1		 1 		1 		1
1292	 1 		1		 1 		1 		1
1293	 1 		1		 1 		1 		1
1294	 1 		1		 1 		1 		1
1295	 1 		1		 1 		1 		1
1296	 1 		1		 1 		1 		1
1297	 1 		1		 1 		1 		1
1298	 1 		1		 1 		1 		1
1299	 1 		1		 1 		1 		1
1300	 1 		1		 1 		1 		1
1301	 1 		1		 1 		1 		1
1302	 1 		1		 1 		1 		1
1303	 1 		1		 1 		1 		1
1304	 1 		1		 1 		1 		1
1305	 1 		1		 1 		1 		1
1306	 1 		1		 1 		1 		1
1307	 1 		1		 1 		1 		1
1308	 1 		1		 0 		1 		1
1309	 1 		1		 1 		1 		1
1310	 1 		1		 1 		1 		1
1311	 1 		1		 1 		1 		1
1312	 1 		1		 1 		1 		1
1313	 1 		1		 1 		1 		1
1314	 1 		1		 1 		1 		1
1315	 1 		1		 1 		1 		1
1316	 1 		1		 1 		1 		1
1317	 1 		1		 1 		1 		1
1318	 1 		1		 1 		1 		1
1319	 1 		1		 1 		1 		1
1320	 1 		1		 1 		1 		1
1321	 1 		1		 1 		1 		1
1322	 1 		1		 1 		1 		1
1323	 1 		1		 1 		1 		1
1324	 1 		1		 1 		1 		1
1325	 1 		1		 1 		1 		1
1326	 1 		1		 1 		1 		1
1327	 1 		1		 1 		1 		1
1328	 1 		1		 1 		1 		1
1329	 1 		1		 1 		1 		1
1330	 1 		1		 1 		1 		1
1331	 1 		1		 1 		1 		1
1332	 1 		1		 1 		1 		1
1333	 1 		1		 1 		1 		1
1334	 1 		1		 1 		1 		1
1335	 1 		1		 1 		1 		1
1336	 1 		1		 1 		1 		1
1337	 1 		1		 1 		1 		1
1338	 1 		1		 3 		1 		1
1339	 1 		1		 1 		1 		1
1340	 1 		1		 1 		1 		1
1341	 1 		1		 1 		1 		1
1342	 1 		1		 1 		1 		1
1343	 1 		1		 1 		1 		1
1344	 1 		1		 1 		1 		1
1345	 1 		1		 1 		1 		1
1346	 1 		1		 1 		1 		1
1347	 1 		1		 1 		1 		1
1348	 1 		1		 1 		1 		1
1349	 1 		1		 1 		1 		1
1350	 1 		1		 1 		1 		1
1351	 1 		1		 1 		1 		1
1352	 1 		1		 1 		1 		1
1353	 1 		1		 1 		1 		1
1354	 1 		1		 1 		1 		1
1355	 1 		1		 1 		1 		1
1356	 1 		1		 1 		1 		1
1357	 1 		1		 1 		1 		1
1358	 1 		1		 1 		1 		1
1359	 1 		1		 1 		1 		1
1360	 1 		1		 1 		0 		1
1361	 1 		1		 1 		1 		1
1362	 1 		1		 1 		1 		1
1363	 1 		1		 1 		1 		1
1364	 1 		1		 1 		3 		1
1365	 1 		1		 1 		1 		1
1366	 1 		1		 1 		1 		1
1367	 1 		1		 1 		1 		0
1368	 1 		1		 1 		1 		1
1369	 1 		1		 1 		1 		1
1370	 1 		1		 0 		1 		1
1371	 1 		1		 1 		1 		1
1372	 1 		1		 1 		1 		1
1373	 1 		1		 1 		1 		1
1374	 1 		1		 1 		1 		1
1375	 1 		1		 0 		1 		1
1376	 1 		1		 1 		1 		1
1377	 1 		1		 1 		1 		1
1378	 1 		1		 1 		1 		1
1379	 1 		1		 1 		1 		1
1380	 1 		1		 1 		1 		1
1381	 1 		1		 1 		1 		1
1382	 1 		1		 1 		1 		1
1383	 1 		1		 1 		1 		1
1384	 1 		1		 1 		1 		1
1385	 1 		1		 1 		1 		1
1386	 1 		1		 1 		1 		1
1387	 1 		1		 1 		1 		1
1388	 1 		1		 1 		1 		1
1389	 1 		1		 1 		1 		1
1390	 1 		1		 1 		1 		1
1391	 1 		1		 1 		1 		1
1392	 1 		1		 1 		1 		1
1393	 1 		1		 1 		1 		1
1394	 1 		1		 1 		3 		1
1395	 1 		1		 1 		1 		1
1396	 1 		1		 1 		1 		1
1397	 1 		1		 1 		1 		1
1398	 1 		1		 1 		1 		1
1399	 1 		1		 1 		3 		1
1400	 1 		1		 1 		1 		1
1401	 1 		1		 1 		1 		1
1402	 1 		1		 1 		1 		1
1403	 1 		1		 1 		1 		1
1404	 1 		1		 1 		1 		1
1405	 1 		1		 1 		1 		1
1406	 1 		1		 1 		1 		1
1407	 1 		1		 1 		1 		1
1408	 1 		1		 1 		1 		1
1409	 1 		1		 1 		1 		1
1410	 1 		1		 1 		1 		1
1411	 1 		1		 1 		1 		1
1412	 1 		1		 1 		1 		1
1413	 1 		1		 1 		1 		1
1414	 1 		1		 1 		1 		1
1415	 1 		1		 1 		1 		1
1416	 1 		1		 1 		1 		1
1417	 1 		1		 1 		1 		1
1418	 1 		1		 1 		1 		1
1419	 1 		1		 1 		1 		1
1420	 1 		1		 1 		1 		1
1421	 1 		1		 1 		1 		1
1422	 1 		1		 1 		1 		1
1423	 1 		1		 1 		1 		1
1424	 1 		1		 1 		1 		1
1425	 1 		1		 1 		1 		1
1426	 1 		1		 1 		1 		1
1427	 1 		1		 1 		1 		1
1428	 1 		1		 1 		1 		1
1429	 1 		1		 1 		1 		1
1430	 1 		1		 1 		1 		1
1431	 1 		1		 1 		1 		1
1432	 1 		1		 1 		1 		1
1433	 1 		1		 1 		1 		1
1434	 1 		1		 1 		1 		1
1435	 1 		1		 1 		1 		1
1436	 1 		1		 1 		1 		1
1437	 1 		1		 1 		1 		1
1438	 1 		1		 1 		1 		1
1439	 1 		1		 1 		1 		1
1440	 1 		1		 1 		1 		1
1441	 1 		1		 1 		3 		1
1442	 1 		1		 1 		1 		1
1443	 1 		1		 1 		1 		1
1444	 1 		1		 1 		1 		1
1445	 1 		1		 1 		1 		1
1446	 1 		1		 1 		1 		1
1447	 1 		1		 1 		1 		1
1448	 1 		1		 1 		1 		1
1449	 1 		1		 0 		1 		1
1450	 1 		1		 1 		1 		1
1451	 1 		1		 1 		1 		1
1452	 1 		1		 1 		1 		1
1453	 1 		1		 1 		1 		1
1454	 1 		1		 1 		1 		1
1455	 1 		1		 1 		1 		1
1456	 1 		1		 1 		1 		1
1457	 1 		1		 1 		1 		3
1458	 1 		1		 1 		1 		1
1459	 1 		1		 1 		1 		1
1460	 1 		1		 1 		1 		1
1461	 1 		1		 1 		1 		1
1462	 1 		1		 1 		1 		1
1463	 1 		1		 1 		1 		1
1464	 1 		1		 1 		1 		1
1465	 1 		1		 1 		1 		1
1466	 1 		1		 1 		1 		1
1467	 1 		1		 1 		1 		1
1468	 1 		1		 1 		1 		1
1469	 1 		1		 1 		1 		1
1470	 1 		1		 1 		1 		1
1471	 1 		1		 1 		1 		1
1472	 1 		1		 1 		1 		1
1473	 1 		1		 1 		1 		1
1474	 1 		1		 1 		1 		1
1475	 1 		1		 1 		1 		1
1476	 1 		1		 1 		1 		1
1477	 1 		1		 1 		1 		1
1478	 1 		1		 1 		1 		1
1479	 1 		1		 1 		1 		1
1480	 1 		1		 1 		1 		1
1481	 1 		1		 1 		1 		1
1482	 1 		1		 1 		1 		1
1483	 1 		1		 1 		1 		1
1484	 1 		1		 1 		1 		1
1485	 1 		1		 1 		1 		1
1486	 1 		1		 1 		1 		1
1487	 1 		1		 1 		1 		1
1488	 1 		1		 1 		1 		1
1489	 1 		1		 1 		1 		1
1490	 1 		1		 1 		1 		1
1491	 1 		1		 1 		1 		0
1492	 1 		1		 1 		1 		1
1493	 1 		1		 1 		1 		1
1494	 1 		1		 1 		1 		1
1495	 1 		1		 1 		1 		1
1496	 1 		1		 1 		1 		1
1497	 1 		1		 1 		1 		1
1498	 1 		1		 1 		1 		1
1499	 1 		1		 1 		1 		1
1500	 1 		1		 1 		1 		1
1501	 1 		1		 1 		1 		1
1502	 1 		1		 1 		1 		1
1503	 1 		1		 1 		1 		1
1504	 1 		1		 1 		1 		1
1505	 1 		1		 1 		1 		1
1506	 1 		1		 1 		1 		1
1507	 1 		1		 1 		1 		1
1508	 1 		1		 1 		1 		1
1509	 1 		1		 1 		1 		1
1510	 1 		1		 1 		1 		1
1511	 1 		1		 1 		1 		1
1512	 1 		1		 1 		1 		1
1513	 1 		1		 1 		1 		1
1514	 1 		1		 1 		1 		1
1515	 1 		1		 1 		1 		1
1516	 1 		1		 1 		1 		1
1517	 1 		1		 1 		1 		1
1518	 1 		1		 1 		1 		1
1519	 1 		1		 1 		1 		1
1520	 1 		1		 1 		1 		1
1521	 1 		1		 1 		1 		1
1522	 1 		1		 1 		1 		1
1523	 1 		1		 1 		1 		1
1524	 1 		1		 1 		1 		1
1525	 1 		1		 1 		1 		1
1526	 1 		1		 1 		1 		1
1527	 1 		1		 1 		1 		1
1528	 1 		1		 1 		1 		1
1529	 1 		1		 1 		1 		1
1530	 1 		1		 1 		1 		1
1531	 1 		1		 1 		1 		1
1532	 1 		1		 1 		1 		1
1533	 1 		1		 1 		1 		1
1534	 1 		1		 1 		1 		1
1535	 1 		1		 1 		1 		1
1536	 1 		1		 1 		1 		1
1537	 1 		1		 1 		1 		1
1538	 1 		1		 1 		1 		1
1539	 1 		1		 1 		1 		1
1540	 1 		1		 1 		1 		1
1541	 1 		1		 1 		1 		1
1542	 1 		1		 1 		1 		1
1543	 1 		1		 1 		1 		1
1544	 1 		1		 1 		1 		1
1545	 1 		1		 1 		1 		1
1546	 1 		1		 1 		1 		1
1547	 1 		1		 1 		1 		1
1548	 1 		1		 1 		1 		1
1549	 1 		1		 1 		1 		1
1550	 1 		1		 1 		1 		1
1551	 1 		1		 1 		1 		1
1552	 1 		1		 1 		1 		1
1553	 1 		1		 1 		1 		1
1554	 1 		1		 1 		1 		1
1555	 1 		1		 1 		1 		1
1556	 1 		1		 1 		1 		1
1557	 1 		1		 1 		1 		1
1558	 1 		1		 1 		1 		1
1559	 1 		1		 1 		1 		1
1560	 1 		1		 1 		1 		1
1561	 1 		1		 1 		1 		1
1562	 1 		1		 1 		1 		1
1563	 1 		1		 1 		1 		1
1564	 1 		1		 1 		1 		1
1565	 1 		1		 1 		1 		1
1566	 1 		1		 1 		1 		1
1567	 1 		1		 1 		1 		1
1568	 1 		1		 1 		1 		1
1569	 1 		1		 1 		0 		1
1570	 1 		1		 1 		1 		1
1571	 1 		1		 1 		1 		1
1572	 1 		1		 1 		1 		1
1573	 1 		1		 1 		1 		1
1574	 1 		1		 1 		1 		1
1575	 1 		1		 1 		1 		1
1576	 1 		1		 1 		1 		1
1577	 1 		1		 1 		1 		1
1578	 1 		1		 1 		1 		1
1579	 1 		1		 1 		1 		1
1580	 1 		1		 1 		1 		1
1581	 1 		1		 1 		1 		1
1582	 1 		1		 1 		1 		1
1583	 1 		1		 1 		1 		1
1584	 1 		1		 1 		1 		1
1585	 1 		1		 1 		1 		1
1586	 1 		1		 1 		1 		1
1587	 1 		1		 1 		1 		1
1588	 1 		1		 1 		1 		1
1589	 1 		1		 1 		1 		1
1590	 1 		1		 1 		1 		1
1591	 1 		1		 1 		1 		1
1592	 1 		1		 1 		1 		1
1593	 1 		1		 1 		1 		1
1594	 1 		1		 1 		1 		1
1595	 1 		1		 1 		1 		1
1596	 1 		1		 1 		1 		1
1597	 1 		1		 1 		1 		1
1598	 1 		1		 1 		1 		1
1599	 1 		1		 1 		1 		1
1600	 1 		1		 1 		1 		1
1601	 1 		1		 1 		1 		1
1602	 1 		1		 1 		1 		1
1603	 1 		1		 1 		1 		1
1604	 1 		1		 1 		1 		1
1605	 1 		1		 1 		1 		1
1606	 1 		1		 1 		1 		1
1607	 1 		1		 1 		1 		1
1608	 1 		1		 1 		1 		1
1609	 1 		1		 1 		1 		1
1610	 1 		1		 1 		1 		1
1611	 1 		1		 1 		1 		1
1612	 1 		1		 1 		1 		1
1613	 1 		1		 1 		1 		1
1614	 1 		1		 1 		1 		1
1615	 1 		1		 1 		1 		1
1616	 1 		1		 1 		1 		1
1617	 1 		1		 1 		1 		1
1618	 1 		1		 1 		1 		1
1619	 1 		1		 1 		1 		1
1620	 1 		1		 1 		1 		1
1621	 1 		1		 1 		1 		1
1622	 1 		1		 1 		1 		1
1623	 1 		1		 1 		1 		1
1624	 1 		1		 1 		1 		1
1625	 1 		1		 1 		1 		1
1626	 1 		1		 1 		1 		1
1627	 1 		1		 1 		1 		1
1628	 1 		1		 1 		1 		1
1629	 1 		1		 1 		1 		1
1630	 1 		1		 1 		1 		1
1631	 1 		1		 1 		1 		1
1632	 1 		1		 1 		1 		1
1633	 1 		1		 1 		1 		1
1634	 1 		1		 1 		1 		1
1635	 1 		1		 1 		1 		1
1636	 1 		1		 1 		1 		1
1637	 1 		1		 1 		1 		1
1638	 1 		1		 1 		1 		1
1639	 1 		1		 1 		1 		1
1640	 1 		1		 1 		1 		1
1641	 1 		1		 1 		1 		1
1642	 1 		1		 1 		1 		1
1643	 1 		1		 1 		1 		1
1644	 1 		1		 1 		1 		1
1645	 1 		1		 1 		1 		1
1646	 1 		1		 1 		1 		1
1647	 1 		1		 1 		1 		1
1648	 1 		1		 1 		1 		1
1649	 1 		1		 1 		1 		1
1650	 1 		1		 1 		1 		1
1651	 1 		1		 1 		1 		1
1652	 1 		1		 1 		1 		1
1653	 1 		1		 1 		1 		1
1654	 1 		1		 1 		1 		1
1655	 1 		1		 1 		1 		1
1656	 1 		1		 1 		1 		1
1657	 1 		1		 1 		1 		1
1658	 1 		1		 1 		1 		1
1659	 1 		1		 1 		1 		1
1660	 1 		1		 1 		1 		1
1661	 1 		1		 1 		1 		1
1662	 1 		1		 1 		1 		1
1663	 1 		1		 1 		1 		1
1664	 1 		1		 1 		1 		1
1665	 1 		1		 1 		1 		1
1666	 1 		1		 1 		1 		1
1667	 1 		1		 1 		1 		1
1668	 1 		1		 1 		1 		1
1669	 2 		2		 2 		2 		2
1670	 2 		2		 2 		2 		2
1671	 2 		2		 2 		2 		2
1672	 2 		2		 2 		2 		2
1673	 2 		2		 2 		2 		2
1674	 2 		2		 2 		2 		2
1675	 2 		2		 2 		2 		2
1676	 2 		2		 2 		2 		2
1677	 2 		2		 2 		2 		2
1678	 2 		2		 2 		2 		2
1679	 2 		2		 2 		2 		2
1680	 2 		2		 2 		2 		2
1681	 2 		2		 2 		2 		2
1682	 2 		2		 2 		2 		2
1683	 2 		2		 2 		2 		2
1684	 2 		2		 2 		2 		2
1685	 2 		2		 2 		2 		2
1686	 2 		2		 2 		2 		2
1687	 2 		2		 2 		2 		2
1688	 2 		2		 2 		2 		2
1689	 2 		2		 2 		2 		2
1690	 2 		2		 2 		2 		2
1691	 2 		2		 2 		2 		2
1692	 2 		2		 2 		2 		2
1693	 2 		2		 2 		2 		2
1694	 2 		2		 2 		2 		2
1695	 2 		2		 2 		2 		2
1696	 2 		2		 2 		2 		2
1697	 2 		2		 2 		2 		2
1698	 2 		2		 2 		2 		2
1699	 2 		2		 2 		2 		2
1700	 2 		2		 2 		2 		2
1701	 2 		2		 2 		2 		2
1702	 2 		2		 2 		2 		2
1703	 2 		2		 2 		2 		2
1704	 2 		2		 2 		2 		2
1705	 2 		2		 2 		2 		2
1706	 2 		2		 2 		2 		2
1707	 2 		2		 2 		2 		2
1708	 2 		2		 2 		2 		2
1709	 2 		2		 2 		2 		2
1710	 2 		2		 2 		2 		2
1711	 2 		2		 2 		2 		2
1712	 2 		2		 2 		2 		2
1713	 2 		2		 2 		2 		2
1714	 2 		2		 2 		2 		2
1715	 2 		2		 2 		2 		2
1716	 2 		2		 2 		2 		2
1717	 2 		2		 2 		2 		2
1718	 2 		2		 2 		2 		2
1719	 2 		2		 2 		2 		2
1720	 2 		2		 2 		2 		2
1721	 2 		2		 2 		2 		2
1722	 2 		2		 2 		2 		2
1723	 2 		2		 0 		2 		2
1724	 2 		2		 2 		2 		2
1725	 2 		2		 2 		2 		2
1726	 2 		2		 2 		2 		2
1727	 2 		2		 2 		2 		2
1728	 2 		2		 2 		2 		2
1729	 2 		2		 2 		2 		2
1730	 2 		2		 2 		2 		2
1731	 2 		2		 2 		2 		2
1732	 2 		2		 2 		2 		2
1733	 2 		2		 2 		2 		2
1734	 2 		2		 2 		2 		2
1735	 2 		2		 2 		2 		2
1736	 2 		2		 2 		2 		2
1737	 2 		2		 2 		2 		2
1738	 2 		2		 2 		2 		2
1739	 2 		2		 0 		2 		2
1740	 2 		2		 2 		2 		2
1741	 2 		2		 2 		2 		2
1742	 2 		2		 2 		2 		2
1743	 2 		2		 1 		2 		2
1744	 2 		2		 2 		2 		2
1745	 2 		2		 3 		2 		2
1746	 2 		2		 2 		2 		2
1747	 2 		2		 2 		2 		2
1748	 2 		2		 2 		2 		2
1749	 2 		2		 2 		2 		2
1750	 2 		2		 2 		2 		2
1751	 2 		2		 2 		2 		2
1752	 2 		2		 2 		2 		2
1753	 2 		2		 2 		2 		2
1754	 2 		2		 2 		2 		2
1755	 2 		2		 2 		2 		2
1756	 2 		2		 2 		2 		2
1757	 2 		2		 2 		2 		2
1758	 2 		2		 2 		2 		2
1759	 2 		2		 2 		2 		2
1760	 2 		2		 2 		2 		2
1761	 2 		2		 2 		2 		2
1762	 2 		2		 2 		2 		2
1763	 2 		2		 2 		2 		2
1764	 2 		2		 2 		2 		2
1765	 2 		2		 2 		2 		2
1766	 2 		2		 2 		2 		2
1767	 2 		2		 2 		2 		2
1768	 2 		2		 2 		2 		2
1769	 2 		2		 2 		2 		2
1770	 2 		2		 2 		2 		2
1771	 2 		2		 2 		2 		2
1772	 2 		2		 2 		2 		2
1773	 2 		2		 2 		2 		2
1774	 2 		2		 2 		3 		2
1775	 2 		2		 2 		2 		0
1776	 2 		2		 2 		2 		2
1777	 2 		2		 2 		2 		2
1778	 2 		2		 2 		2 		2
1779	 2 		2		 2 		2 		2
1780	 2 		2		 2 		2 		2
1781	 2 		2		 2 		2 		2
1782	 2 		2		 2 		2 		0
1783	 2 		2		 2 		2 		2
1784	 2 		2		 2 		2 		0
1785	 2 		2		 2 		2 		2
1786	 2 		2		 2 		2 		2
1787	 2 		2		 2 		2 		2
1788	 2 		2		 2 		2 		2
1789	 2 		2		 2 		2 		2
1790	 2 		2		 2 		2 		2
1791	 2 		2		 2 		2 		2
1792	 2 		2		 2 		2 		2
1793	 2 		2		 2 		2 		2
1794	 2 		2		 2 		2 		2
1795	 2 		2		 2 		2 		2
1796	 2 		2		 3 		2 		2
1797	 2 		2		 2 		2 		2
1798	 2 		2		 2 		2 		2
1799	 2 		2		 2 		2 		2
1800	 2 		2		 2 		2 		2
1801	 2 		2		 2 		2 		2
1802	 2 		2		 2 		2 		2
1803	 2 		2		 2 		2 		2
1804	 2 		2		 2 		2 		2
1805	 2 		2		 2 		2 		2
1806	 2 		2		 2 		2 		2
1807	 2 		2		 2 		2 		2
1808	 2 		2		 2 		2 		2
1809	 2 		2		 2 		2 		2
1810	 2 		2		 2 		2 		2
1811	 2 		2		 2 		2 		2
1812	 2 		2		 2 		2 		2
1813	 2 		2		 2 		2 		2
1814	 2 		2		 2 		2 		2
1815	 2 		2		 2 		2 		2
1816	 2 		2		 2 		2 		2
1817	 2 		2		 2 		2 		2
1818	 2 		2		 2 		2 		2
1819	 2 		2		 2 		2 		2
1820	 2 		2		 2 		2 		2
1821	 2 		2		 2 		2 		2
1822	 2 		2		 2 		2 		2
1823	 2 		2		 2 		2 		2
1824	 2 		2		 2 		2 		2
1825	 2 		2		 2 		2 		2
1826	 2 		2		 2 		2 		2
1827	 2 		2		 2 		2 		2
1828	 2 		2		 1 		2 		2
1829	 2 		2		 2 		2 		2
1830	 2 		2		 2 		2 		2
1831	 2 		2		 2 		2 		2
1832	 2 		2		 2 		2 		2
1833	 2 		2		 2 		2 		2
1834	 2 		2		 2 		2 		2
1835	 2 		0		 2 		0 		0
1836	 2 		2		 2 		2 		2
1837	 2 		2		 2 		2 		2
1838	 2 		2		 2 		2 		2
1839	 2 		2		 2 		2 		2
1840	 2 		2		 2 		2 		2
1841	 2 		2		 2 		2 		2
1842	 2 		2		 2 		2 		2
1843	 2 		2		 2 		2 		2
1844	 2 		2		 2 		2 		2
1845	 2 		2		 2 		2 		2
1846	 2 		2		 2 		2 		2
1847	 2 		2		 2 		2 		2
1848	 2 		2		 2 		2 		2
1849	 2 		2		 0 		2 		2
1850	 2 		2		 2 		2 		2
1851	 2 		2		 2 		2 		2
1852	 2 		2		 2 		2 		2
1853	 2 		2		 2 		2 		2
1854	 2 		2		 2 		2 		2
1855	 2 		2		 2 		2 		2
1856	 2 		2		 2 		2 		2
1857	 2 		2		 2 		2 		2
1858	 2 		2		 2 		2 		2
1859	 2 		2		 2 		2 		2
1860	 2 		2		 2 		2 		2
1861	 2 		2		 2 		2 		2
1862	 2 		2		 2 		2 		2
1863	 2 		2		 2 		2 		2
1864	 2 		2		 2 		2 		2
1865	 2 		2		 2 		2 		2
1866	 2 		2		 2 		2 		2
1867	 2 		2		 2 		2 		2
1868	 2 		2		 2 		2 		2
1869	 2 		2		 2 		2 		2
1870	 2 		2		 2 		2 		2
1871	 2 		2		 2 		2 		2
1872	 2 		2		 2 		2 		2
1873	 2 		2		 2 		2 		2
1874	 2 		2		 2 		2 		2
1875	 2 		2		 2 		2 		2
1876	 2 		2		 2 		2 		2
1877	 2 		2		 2 		1 		2
1878	 2 		2		 2 		2 		2
1879	 2 		2		 2 		2 		2
1880	 2 		2		 2 		2 		2
1881	 2 		2		 2 		2 		2
1882	 2 		2		 2 		2 		2
1883	 2 		2		 2 		2 		2
1884	 2 		2		 2 		2 		2
1885	 2 		2		 2 		2 		2
1886	 2 		2		 2 		2 		2
1887	 2 		2		 2 		2 		2
1888	 2 		2		 2 		2 		2
1889	 2 		2		 2 		2 		2
1890	 2 		2		 2 		2 		2
1891	 2 		2		 2 		2 		2
1892	 2 		2		 2 		2 		2
1893	 2 		2		 2 		2 		2
1894	 2 		2		 2 		2 		2
1895	 2 		2		 2 		2 		2
1896	 2 		2		 2 		2 		2
1897	 2 		2		 2 		2 		2
1898	 2 		2		 2 		2 		2
1899	 2 		2		 2 		2 		2
1900	 2 		2		 2 		2 		2
1901	 2 		2		 2 		2 		2
1902	 2 		2		 2 		2 		2
1903	 2 		2		 2 		2 		2
1904	 2 		2		 2 		2 		2
1905	 2 		2		 2 		2 		2
1906	 2 		2		 2 		2 		2
1907	 2 		2		 2 		2 		2
1908	 2 		2		 2 		2 		2
1909	 2 		2		 2 		2 		2
1910	 2 		2		 2 		2 		2
1911	 2 		2		 2 		2 		2
1912	 2 		2		 2 		2 		2
1913	 2 		2		 2 		2 		2
1914	 2 		2		 2 		2 		2
1915	 2 		2		 2 		2 		2
1916	 2 		2		 2 		2 		2
1917	 2 		2		 2 		2 		2
1918	 2 		2		 2 		2 		2
1919	 2 		2		 2 		2 		2
1920	 2 		2		 2 		2 		2
1921	 2 		2		 2 		2 		2
1922	 2 		2		 2 		2 		2
1923	 2 		2		 2 		2 		2
1924	 2 		2		 2 		2 		2
1925	 2 		2		 2 		2 		2
1926	 2 		2		 2 		2 		2
1927	 2 		2		 2 		2 		2
1928	 2 		2		 2 		2 		2
1929	 2 		2		 2 		2 		2
1930	 2 		2		 2 		2 		2
1931	 2 		2		 2 		2 		2
1932	 2 		2		 2 		2 		2
1933	 2 		2		 2 		2 		2
1934	 2 		2		 2 		2 		2
1935	 2 		2		 2 		2 		2
1936	 2 		2		 2 		2 		2
1937	 2 		2		 2 		2 		2
1938	 2 		2		 2 		2 		2
1939	 2 		2		 2 		2 		2
1940	 2 		2		 2 		2 		2
1941	 2 		2		 2 		2 		2
1942	 2 		2		 2 		2 		2
1943	 2 		2		 2 		2 		2
1944	 2 		2		 2 		2 		2
1945	 2 		2		 2 		2 		2
1946	 2 		2		 2 		2 		2
1947	 2 		2		 2 		2 		2
1948	 2 		2		 2 		2 		2
1949	 2 		2		 2 		2 		2
1950	 2 		2		 2 		2 		2
1951	 2 		2		 2 		2 		2
1952	 2 		2		 2 		2 		2
1953	 2 		2		 2 		2 		2
1954	 2 		2		 2 		2 		2
1955	 2 		0		 0 		2 		0
1956	 2 		2		 2 		2 		2
1957	 2 		2		 2 		2 		2
1958	 2 		2		 2 		2 		2
1959	 2 		3		 2 		3 		3
1960	 2 		2		 2 		2 		2
1961	 2 		2		 2 		2 		2
1962	 2 		2		 2 		2 		2
1963	 2 		2		 2 		2 		2
1964	 2 		2		 2 		2 		2
1965	 2 		2		 2 		2 		2
1966	 2 		2		 2 		2 		2
1967	 2 		2		 2 		2 		2
1968	 2 		2		 2 		2 		2
1969	 2 		2		 2 		2 		2
1970	 2 		2		 2 		2 		2
1971	 2 		2		 2 		2 		2
1972	 2 		2		 2 		2 		2
1973	 2 		2		 2 		2 		2
1974	 2 		2		 2 		2 		2
1975	 2 		2		 2 		2 		2
1976	 2 		2		 2 		2 		2
1977	 2 		2		 2 		2 		2
1978	 2 		2		 2 		2 		2
1979	 2 		2		 2 		2 		2
1980	 2 		2		 2 		2 		2
1981	 2 		2		 2 		2 		2
1982	 2 		2		 2 		2 		2
1983	 2 		2		 2 		2 		2
1984	 2 		2		 2 		2 		2
1985	 2 		2		 2 		2 		2
1986	 2 		2		 2 		2 		2
1987	 2 		2		 2 		2 		2
1988	 2 		2		 2 		2 		2
1989	 2 		2		 2 		2 		2
1990	 2 		2		 2 		2 		2
1991	 2 		2		 2 		2 		2
1992	 2 		2		 2 		2 		2
1993	 2 		2		 2 		2 		2
1994	 2 		2		 2 		2 		2
1995	 2 		2		 2 		2 		2
1996	 2 		2		 2 		2 		2
1997	 2 		2		 2 		2 		2
1998	 2 		2		 2 		2 		2
1999	 2 		2		 2 		2 		2
2000	 2 		2		 2 		2 		2
2001	 2 		2		 2 		2 		2
2002	 2 		2		 2 		2 		2
2003	 2 		2		 2 		2 		2
2004	 2 		2		 2 		2 		2
2005	 2 		2		 2 		2 		2
2006	 2 		2		 2 		2 		2
2007	 2 		2		 2 		2 		2
2008	 2 		2		 2 		2 		2
2009	 2 		2		 2 		2 		2
2010	 2 		2		 2 		2 		2
2011	 2 		2		 2 		2 		2
2012	 2 		2		 2 		2 		2
2013	 2 		2		 2 		2 		2
2014	 2 		2		 2 		2 		2
2015	 2 		2		 2 		2 		2
2016	 2 		2		 2 		2 		2
2017	 2 		2		 2 		2 		2
2018	 2 		2		 2 		2 		2
2019	 2 		2		 2 		2 		2
2020	 2 		2		 2 		2 		2
2021	 2 		2		 2 		2 		2
2022	 2 		2		 2 		2 		2
2023	 2 		2		 2 		2 		2
2024	 2 		2		 2 		2 		2
2025	 2 		2		 2 		2 		2
2026	 2 		2		 2 		2 		2
2027	 2 		2		 2 		2 		2
2028	 2 		2		 2 		2 		2
2029	 2 		2		 2 		2 		2
2030	 2 		2		 2 		2 		2
2031	 2 		2		 2 		2 		2
2032	 2 		2		 2 		2 		2
2033	 2 		2		 2 		2 		2
2034	 2 		2		 2 		2 		2
2035	 2 		2		 2 		2 		2
2036	 2 		2		 2 		2 		2
2037	 2 		2		 2 		2 		2
2038	 2 		2		 2 		2 		2
2039	 2 		2		 2 		2 		2
2040	 2 		2		 2 		2 		2
2041	 2 		2		 2 		2 		2
2042	 2 		2		 2 		2 		2
2043	 2 		2		 2 		2 		2
2044	 2 		2		 2 		2 		2
2045	 2 		2		 2 		2 		2
2046	 2 		2		 2 		2 		2
2047	 2 		2		 2 		2 		2
2048	 2 		2		 2 		2 		2
2049	 2 		2		 2 		2 		2
2050	 2 		2		 2 		2 		2
2051	 2 		2		 2 		2 		2
2052	 2 		2		 2 		2 		2
2053	 2 		2		 2 		2 		2
2054	 2 		2		 2 		2 		2
2055	 2 		2		 2 		2 		2
2056	 2 		2		 2 		2 		2
2057	 2 		2		 2 		2 		2
2058	 2 		2		 2 		2 		2
2059	 2 		2		 2 		2 		2
2060	 2 		2		 2 		2 		2
2061	 2 		2		 2 		2 		2
2062	 2 		2		 2 		2 		2
2063	 2 		2		 2 		2 		2
2064	 2 		2		 2 		2 		2
2065	 2 		2		 2 		2 		2
2066	 2 		2		 2 		2 		2
2067	 2 		2		 2 		2 		2
2068	 2 		2		 2 		2 		2
2069	 2 		2		 2 		2 		2
2070	 2 		2		 2 		2 		2
2071	 2 		2		 2 		2 		2
2072	 2 		2		 2 		2 		2
2073	 2 		2		 2 		2 		2
2074	 2 		2		 2 		2 		2
2075	 2 		2		 2 		2 		2
2076	 2 		2		 2 		2 		2
2077	 2 		2		 2 		2 		2
2078	 2 		2		 2 		2 		2
2079	 2 		2		 2 		2 		2
2080	 2 		2		 2 		2 		2
2081	 2 		2		 2 		2 		2
2082	 2 		2		 2 		2 		2
2083	 2 		2		 2 		2 		2
2084	 2 		2		 2 		2 		2
2085	 2 		2		 2 		2 		2
2086	 2 		2		 2 		2 		2
2087	 2 		2		 2 		2 		2
2088	 2 		2		 2 		2 		2
2089	 2 		2		 2 		2 		2
2090	 2 		2		 2 		2 		2
2091	 2 		2		 2 		2 		2
2092	 2 		2		 2 		2 		2
2093	 2 		2		 2 		2 		2
2094	 2 		2		 2 		2 		2
2095	 2 		2		 2 		2 		2
2096	 2 		2		 2 		2 		2
2097	 2 		2		 2 		2 		2
2098	 2 		2		 2 		2 		2
2099	 2 		2		 2 		2 		2
2100	 2 		2		 2 		2 		2
2101	 2 		2		 2 		2 		2
2102	 2 		2		 2 		2 		2
2103	 2 		2		 2 		2 		2
2104	 2 		2		 2 		2 		2
2105	 2 		2		 2 		2 		2
2106	 2 		2		 2 		2 		2
2107	 2 		2		 2 		2 		2
2108	 2 		2		 2 		2 		2
2109	 2 		2		 2 		2 		2
2110	 2 		2		 2 		2 		2
2111	 2 		2		 2 		2 		2
2112	 2 		2		 2 		2 		2
2113	 2 		2		 2 		2 		2
2114	 2 		2		 2 		2 		2
2115	 2 		2		 2 		2 		2
2116	 2 		2		 2 		2 		2
2117	 2 		2		 2 		2 		2
2118	 2 		2		 2 		2 		2
2119	 2 		2		 2 		2 		2
2120	 2 		2		 2 		2 		2
2121	 2 		2		 2 		2 		2
2122	 2 		2		 2 		2 		2
2123	 2 		2		 2 		2 		2
2124	 2 		2		 2 		2 		2
2125	 2 		2		 2 		2 		2
2126	 2 		2		 2 		2 		2
2127	 2 		2		 2 		2 		2
2128	 2 		2		 2 		2 		2
2129	 2 		2		 2 		2 		2
2130	 2 		2		 2 		2 		2
2131	 2 		2		 2 		2 		2
2132	 2 		2		 2 		2 		2
2133	 2 		2		 2 		2 		2
2134	 2 		2		 2 		2 		2
2135	 2 		2		 2 		2 		2
2136	 2 		2		 2 		2 		2
2137	 2 		2		 2 		2 		2
2138	 2 		2		 2 		2 		2
2139	 2 		2		 2 		2 		2
2140	 2 		2		 2 		2 		2
2141	 2 		2		 2 		2 		2
2142	 2 		2		 2 		2 		2
2143	 2 		2		 2 		2 		2
2144	 2 		2		 2 		2 		2
2145	 2 		2		 2 		2 		2
2146	 2 		2		 2 		2 		2
2147	 2 		2		 2 		2 		2
2148	 2 		2		 2 		2 		2
2149	 2 		2		 2 		2 		2
2150	 2 		2		 2 		2 		2
2151	 2 		2		 2 		2 		2
2152	 2 		2		 2 		2 		2
2153	 2 		2		 2 		2 		2
2154	 2 		2		 2 		2 		2
2155	 2 		2		 2 		2 		2
2156	 2 		2		 2 		2 		2
2157	 2 		2		 2 		2 		2
2158	 2 		2		 2 		2 		2
2159	 2 		2		 2 		2 		2
2160	 2 		2		 2 		2 		2
2161	 2 		2		 2 		2 		2
2162	 2 		2		 2 		2 		2
2163	 2 		2		 2 		2 		2
2164	 2 		2		 2 		2 		2
2165	 2 		2		 2 		2 		2
2166	 2 		2		 2 		2 		2
2167	 2 		2		 2 		2 		2
2168	 2 		2		 2 		2 		2
2169	 2 		2		 2 		2 		2
2170	 2 		2		 2 		2 		2
2171	 2 		2		 2 		2 		2
2172	 2 		2		 2 		2 		2
2173	 2 		2		 2 		2 		2
2174	 2 		2		 2 		2 		2
2175	 2 		2		 0 		2 		2
2176	 2 		2		 2 		2 		2
2177	 2 		2		 2 		2 		2
2178	 2 		2		 2 		2 		2
2179	 2 		2		 2 		2 		2
2180	 2 		2		 2 		2 		2
2181	 2 		2		 2 		2 		2
2182	 2 		2		 2 		2 		2
2183	 2 		2		 2 		2 		2
2184	 2 		2		 2 		2 		2
2185	 2 		2		 2 		2 		2
2186	 2 		2		 2 		2 		2
2187	 2 		2		 2 		2 		2
2188	 2 		2		 2 		2 		2
2189	 2 		2		 2 		2 		2
2190	 2 		2		 2 		2 		2
2191	 2 		2		 2 		2 		2
2192	 2 		2		 2 		2 		2
2193	 2 		2		 2 		2 		2
2194	 2 		2		 0 		2 		2
2195	 2 		2		 2 		2 		2
2196	 2 		2		 2 		2 		2
2197	 2 		2		 2 		2 		2
2198	 2 		2		 2 		2 		2
2199	 2 		2		 2 		2 		2
2200	 2 		2		 2 		2 		2
2201	 2 		2		 2 		2 		2
2202	 2 		2		 2 		2 		2
2203	 2 		2		 2 		2 		2
2204	 2 		2		 2 		2 		2
2205	 2 		2		 2 		2 		2
2206	 2 		2		 2 		2 		2
2207	 2 		2		 2 		2 		2
2208	 2 		2		 2 		2 		2
2209	 2 		2		 2 		2 		2
2210	 2 		2		 2 		2 		2
2211	 2 		2		 2 		2 		2
2212	 2 		2		 2 		2 		2
2213	 2 		2		 2 		2 		2
2214	 2 		2		 2 		2 		2
2215	 2 		2		 2 		2 		2
2216	 2 		2		 2 		2 		2
2217	 2 		2		 2 		2 		2
2218	 2 		2		 2 		2 		2
2219	 2 		2		 2 		2 		2
2220	 2 		2		 2 		2 		2
2221	 2 		2		 2 		2 		2
2222	 2 		2		 2 		2 		2
2223	 2 		2		 2 		2 		2
2224	 2 		2		 2 		2 		2
2225	 2 		2		 2 		2 		2
2226	 2 		2		 2 		2 		2
2227	 2 		2		 2 		2 		2
2228	 2 		2		 2 		2 		2
2229	 2 		2		 2 		2 		2
2230	 2 		2		 2 		2 		2
2231	 2 		2		 2 		2 		2
2232	 2 		2		 2 		2 		2
2233	 2 		2		 2 		2 		2
2234	 2 		2		 2 		2 		2
2235	 2 		2		 2 		2 		2
2236	 2 		2		 2 		2 		2
2237	 2 		2		 2 		2 		2
2238	 2 		2		 2 		2 		2
2239	 2 		2		 2 		2 		2
2240	 2 		2		 2 		2 		2
2241	 2 		2		 2 		2 		2
2242	 2 		2		 2 		2 		2
2243	 2 		2		 2 		2 		2
2244	 2 		2		 2 		2 		2
2245	 2 		2		 2 		2 		2
2246	 2 		2		 2 		2 		2
2247	 2 		2		 2 		2 		2
2248	 3 		3		 3 		3 		3
2249	 3 		3		 3 		3 		3
2250	 3 		3		 3 		3 		3
2251	 3 		3		 3 		3 		3
2252	 3 		3		 3 		3 		3
2253	 3 		3		 3 		3 		3
2254	 3 		3		 3 		3 		3
2255	 3 		3		 3 		3 		3
2256	 3 		3		 3 		3 		3
2257	 3 		3		 3 		3 		3
2258	 3 		3		 3 		3 		3
2259	 3 		3		 3 		3 		3
2260	 3 		3		 3 		3 		3
2261	 3 		3		 3 		3 		3
2262	 3 		3		 3 		3 		3
2263	 3 		3		 3 		3 		3
2264	 3 		3		 3 		3 		3
2265	 3 		3		 3 		3 		3
2266	 3 		3		 3 		3 		3
2267	 3 		3		 3 		3 		3
2268	 3 		3		 3 		3 		3
2269	 3 		3		 3 		3 		3
2270	 3 		3		 3 		3 		3
2271	 3 		3		 3 		3 		3
2272	 3 		3		 3 		3 		3
2273	 3 		3		 3 		3 		3
2274	 3 		3		 3 		3 		3
2275	 3 		3		 3 		3 		3
2276	 3 		3		 3 		3 		3
2277	 3 		3		 3 		3 		3
2278	 3 		3		 3 		3 		3
2279	 3 		3		 3 		3 		3
2280	 3 		3		 3 		3 		3
2281	 3 		3		 3 		3 		3
2282	 3 		3		 3 		3 		3
2283	 3 		3		 3 		3 		3
2284	 3 		3		 3 		3 		3
2285	 3 		3		 3 		3 		3
2286	 3 		3		 3 		3 		3
2287	 3 		3		 3 		3 		3
2288	 3 		3		 3 		3 		3
2289	 3 		3		 3 		3 		3
2290	 3 		3		 3 		3 		3
2291	 3 		3		 3 		3 		3
2292	 3 		3		 3 		3 		3
2293	 3 		3		 3 		3 		3
2294	 3 		3		 3 		3 		3
2295	 3 		3		 3 		3 		3
2296	 3 		3		 3 		3 		3
2297	 3 		3		 3 		3 		3
2298	 3 		3		 3 		3 		3
2299	 3 		3		 3 		3 		3
2300	 3 		3		 3 		3 		3
2301	 3 		3		 1 		3 		3
2302	 3 		3		 3 		3 		3
2303	 3 		3		 3 		3 		3
2304	 3 		3		 3 		3 		3
2305	 3 		3		 3 		3 		3
2306	 3 		3		 3 		3 		3
2307	 3 		3		 3 		3 		3
2308	 3 		3		 3 		3 		3
2309	 3 		3		 3 		3 		3
2310	 3 		3		 3 		3 		3
2311	 3 		3		 3 		3 		3
2312	 3 		3		 3 		3 		3
2313	 3 		3		 3 		3 		3
2314	 3 		3		 3 		3 		3
2315	 3 		3		 3 		3 		3
2316	 3 		3		 3 		3 		3
2317	 3 		3		 3 		3 		3
2318	 3 		3		 3 		3 		3
2319	 3 		3		 3 		3 		3
2320	 3 		3		 3 		3 		3
2321	 3 		3		 3 		3 		3
2322	 3 		3		 3 		3 		3
2323	 3 		3		 3 		3 		3
2324	 3 		3		 3 		3 		3
2325	 3 		3		 3 		3 		3
2326	 3 		3		 3 		3 		3
2327	 3 		3		 3 		3 		3
2328	 3 		3		 3 		3 		3
2329	 3 		3		 3 		3 		3
2330	 3 		3		 3 		3 		3
2331	 3 		3		 3 		3 		3
2332	 3 		3		 3 		3 		3
2333	 3 		3		 3 		3 		3
2334	 3 		3		 3 		3 		3
2335	 3 		3		 3 		3 		3
2336	 3 		3		 3 		3 		3
2337	 3 		3		 3 		3 		3
2338	 3 		3		 3 		3 		3
2339	 3 		3		 3 		3 		3
2340	 3 		3		 3 		3 		3
2341	 3 		3		 3 		3 		3
2342	 3 		3		 3 		3 		3
2343	 3 		3		 3 		3 		3
2344	 3 		3		 3 		3 		3
2345	 3 		3		 0 		3 		3
2346	 3 		3		 3 		3 		3
2347	 3 		3		 3 		3 		3
2348	 3 		3		 3 		3 		3
2349	 3 		3		 3 		3 		3
2350	 3 		3		 3 		3 		3
2351	 3 		3		 3 		3 		3
2352	 3 		3		 3 		3 		3
2353	 3 		3		 3 		3 		3
2354	 3 		3		 3 		3 		3
2355	 3 		3		 3 		3 		3
2356	 3 		3		 3 		3 		3
2357	 3 		3		 3 		3 		3
2358	 3 		3		 3 		3 		3
2359	 3 		3		 3 		3 		3
2360	 3 		3		 3 		3 		3
2361	 3 		3		 3 		3 		3
2362	 3 		3		 3 		3 		3
2363	 3 		3		 3 		3 		3
2364	 3 		3		 3 		3 		3
2365	 3 		3		 3 		3 		3
2366	 3 		3		 3 		3 		3
2367	 3 		3		 3 		3 		3
2368	 3 		3		 3 		3 		3
2369	 3 		3		 3 		3 		3
2370	 3 		3		 3 		3 		3
2371	 3 		3		 3 		3 		3
2372	 3 		3		 3 		3 		3
2373	 3 		3		 3 		3 		3
2374	 3 		3		 3 		3 		3
2375	 3 		3		 3 		3 		3
2376	 3 		3		 3 		3 		3
2377	 3 		3		 3 		3 		3
2378	 3 		3		 3 		3 		3
2379	 3 		3		 3 		3 		3
2380	 3 		3		 3 		3 		3
2381	 3 		3		 3 		3 		3
2382	 3 		3		 3 		3 		3
2383	 3 		3		 3 		3 		3
2384	 3 		3		 3 		3 		3
2385	 3 		3		 3 		3 		3
2386	 3 		3		 3 		3 		3
2387	 3 		3		 3 		3 		3
2388	 3 		3		 3 		3 		3
2389	 3 		3		 3 		3 		3
2390	 3 		3		 3 		3 		3
2391	 3 		3		 3 		3 		3
2392	 3 		3		 3 		3 		3
2393	 3 		3		 3 		3 		3
2394	 3 		3		 3 		3 		3
2395	 3 		3		 3 		3 		3
2396	 3 		3		 3 		3 		3
2397	 3 		3		 3 		3 		3
2398	 3 		3		 3 		3 		3
2399	 3 		3		 3 		3 		3
2400	 3 		3		 3 		3 		3
2401	 3 		3		 3 		3 		3
2402	 3 		3		 3 		3 		3
2403	 3 		3		 3 		3 		3
2404	 3 		3		 3 		3 		3
2405	 3 		3		 3 		3 		3
2406	 3 		3		 3 		3 		3
2407	 3 		3		 3 		3 		3
2408	 3 		3		 3 		3 		3
2409	 3 		3		 3 		3 		3
2410	 3 		3		 3 		3 		3
2411	 3 		3		 3 		3 		3
2412	 3 		3		 3 		3 		3
2413	 3 		3		 3 		3 		3
2414	 3 		3		 3 		3 		3
2415	 3 		3		 3 		3 		3
2416	 3 		3		 3 		3 		3
2417	 3 		3		 3 		3 		3
2418	 3 		3		 3 		3 		3
2419	 3 		3		 3 		3 		3
2420	 3 		3		 3 		3 		3
2421	 3 		3		 3 		3 		3
2422	 3 		3		 3 		3 		3
2423	 3 		3		 3 		3 		3
2424	 3 		3		 3 		3 		3
2425	 3 		3		 3 		3 		3
2426	 3 		3		 3 		3 		3
2427	 3 		3		 3 		3 		3
2428	 3 		3		 3 		3 		3
2429	 3 		3		 3 		3 		3
2430	 3 		3		 3 		3 		3
2431	 3 		3		 3 		3 		3
2432	 3 		3		 3 		3 		3
2433	 3 		3		 3 		3 		3
2434	 3 		3		 3 		3 		3
2435	 3 		3		 3 		3 		3
2436	 3 		3		 3 		3 		3
2437	 3 		3		 3 		3 		3
2438	 3 		3		 3 		3 		3
2439	 3 		3		 3 		3 		3
2440	 3 		3		 3 		3 		3
2441	 3 		3		 3 		3 		3
2442	 3 		3		 3 		3 		3
2443	 3 		3		 3 		3 		3
2444	 3 		3		 3 		3 		3
2445	 3 		3		 3 		3 		3
2446	 3 		3		 3 		3 		3
2447	 3 		3		 3 		3 		3
2448	 3 		3		 3 		3 		3
2449	 3 		3		 3 		3 		3
2450	 3 		3		 3 		3 		3
2451	 3 		3		 3 		3 		3
2452	 3 		3		 3 		3 		3
2453	 3 		3		 3 		3 		3
2454	 3 		3		 3 		3 		3
2455	 3 		3		 3 		3 		3
2456	 3 		3		 3 		3 		3
2457	 3 		3		 3 		3 		3
2458	 3 		3		 3 		3 		3
2459	 3 		3		 3 		3 		3
2460	 3 		3		 3 		3 		3
2461	 3 		3		 3 		3 		3
2462	 3 		3		 3 		3 		3
2463	 3 		3		 3 		3 		3
2464	 3 		3		 3 		3 		3
2465	 3 		3		 3 		3 		3
2466	 3 		3		 3 		3 		3
2467	 3 		3		 3 		3 		3
2468	 3 		3		 3 		3 		3
2469	 3 		3		 3 		3 		3
2470	 3 		3		 3 		3 		3
2471	 3 		3		 3 		3 		3
2472	 3 		3		 3 		3 		3
2473	 3 		3		 3 		3 		3
2474	 3 		3		 3 		3 		3
2475	 3 		3		 3 		3 		3
2476	 3 		3		 3 		3 		3
2477	 3 		3		 3 		3 		3
2478	 3 		3		 3 		3 		3
2479	 3 		3		 3 		3 		3
2480	 3 		3		 3 		3 		3
2481	 3 		3		 3 		3 		3
2482	 3 		3		 3 		3 		3
2483	 3 		3		 3 		3 		3
2484	 3 		3		 3 		3 		3
2485	 3 		3		 3 		3 		3
2486	 3 		3		 3 		3 		3
2487	 3 		3		 3 		3 		3
2488	 3 		3		 3 		3 		3
2489	 3 		3		 3 		3 		3
2490	 3 		3		 3 		3 		3
2491	 3 		3		 3 		3 		3
2492	 3 		3		 3 		3 		3
2493	 3 		3		 3 		3 		3
2494	 3 		3		 3 		3 		3
2495	 3 		3		 3 		3 		3
2496	 3 		3		 3 		3 		3
2497	 3 		3		 3 		3 		3
2498	 3 		3		 3 		3 		3
2499	 3 		3		 3 		3 		3
2500	 3 		3		 3 		3 		3
2501	 3 		3		 3 		3 		3
2502	 3 		3		 3 		3 		3
2503	 3 		3		 3 		3 		3
2504	 3 		3		 3 		3 		3
2505	 3 		3		 3 		3 		3
2506	 3 		3		 3 		3 		3
2507	 3 		3		 3 		3 		3
2508	 3 		3		 3 		3 		3
2509	 3 		3		 3 		3 		3
2510	 3 		3		 3 		3 		3
2511	 3 		3		 3 		3 		3
2512	 3 		3		 3 		3 		3
2513	 3 		3		 3 		3 		3
2514	 3 		3		 3 		3 		3
2515	 3 		3		 3 		3 		3
2516	 3 		3		 3 		3 		3
2517	 3 		3		 3 		3 		3
2518	 3 		3		 3 		3 		3
2519	 3 		3		 3 		3 		3
2520	 3 		3		 3 		3 		3
2521	 3 		3		 3 		3 		3
2522	 3 		3		 3 		3 		3
2523	 3 		3		 3 		3 		3
2524	 3 		3		 3 		3 		3
2525	 3 		3		 3 		3 		3
2526	 3 		3		 3 		3 		3
2527	 3 		3		 3 		3 		3
2528	 3 		3		 3 		3 		3
2529	 3 		3		 3 		3 		3
2530	 3 		3		 3 		3 		3
2531	 3 		3		 3 		3 		3
2532	 3 		3		 3 		3 		3
2533	 3 		3		 3 		3 		3
2534	 3 		3		 3 		3 		3
2535	 3 		3		 3 		3 		3
2536	 3 		3		 3 		3 		3
2537	 3 		3		 3 		3 		3
2538	 3 		3		 3 		3 		3
2539	 3 		3		 3 		3 		3
2540	 3 		3		 3 		3 		3
2541	 3 		3		 3 		3 		3
2542	 3 		3		 3 		3 		3
2543	 3 		3		 3 		3 		3
2544	 3 		3		 3 		3 		3
2545	 3 		3		 3 		3 		3
2546	 3 		3		 3 		3 		3
2547	 3 		3		 3 		3 		3
2548	 3 		3		 3 		3 		3
2549	 3 		3		 3 		3 		3
2550	 3 		3		 3 		3 		3
2551	 3 		3		 3 		3 		3
2552	 3 		3		 3 		3 		3
2553	 3 		3		 3 		3 		3
2554	 3 		3		 3 		3 		3
2555	 3 		3		 3 		3 		3
2556	 3 		3		 3 		3 		3
2557	 3 		3		 3 		3 		3
2558	 3 		3		 3 		3 		3
2559	 3 		3		 3 		3 		3
2560	 3 		3		 3 		3 		3
2561	 3 		3		 3 		3 		3
2562	 3 		3		 3 		3 		3
2563	 3 		3		 3 		3 		3
2564	 3 		3		 3 		3 		3
2565	 3 		3		 3 		3 		3
2566	 3 		3		 3 		3 		3
2567	 3 		3		 3 		3 		3
2568	 3 		3		 3 		3 		3
2569	 3 		3		 3 		3 		3
2570	 3 		3		 3 		3 		3
2571	 3 		3		 3 		3 		3
2572	 3 		3		 3 		3 		3
2573	 3 		3		 3 		3 		3
2574	 3 		3		 3 		3 		3
2575	 3 		3		 3 		3 		3
2576	 3 		3		 3 		3 		3
2577	 3 		3		 3 		3 		3
2578	 3 		3		 3 		3 		3
2579	 3 		3		 3 		3 		3
2580	 3 		3		 3 		3 		3
2581	 3 		3		 3 		3 		3
2582	 3 		3		 3 		3 		3
2583	 3 		3		 3 		3 		3
2584	 3 		3		 3 		3 		3
2585	 3 		3		 3 		3 		3
2586	 3 		3		 3 		3 		3
2587	 3 		3		 3 		3 		3
2588	 3 		3		 3 		3 		3
2589	 3 		3		 3 		3 		3
2590	 3 		3		 3 		3 		3
2591	 3 		3		 3 		3 		3
2592	 3 		3		 3 		3 		3
2593	 3 		3		 3 		3 		3
2594	 3 		3		 3 		3 		3
2595	 3 		3		 3 		3 		3
2596	 3 		3		 3 		3 		3
2597	 3 		3		 3 		3 		3
2598	 3 		3		 3 		3 		3
2599	 3 		3		 3 		3 		3
2600	 3 		3		 3 		3 		3
2601	 3 		3		 3 		3 		3
2602	 3 		3		 3 		3 		3
2603	 3 		3		 3 		3 		3
2604	 3 		3		 3 		3 		3
2605	 3 		3		 3 		3 		3
2606	 3 		3		 3 		3 		3
2607	 3 		0		 1 		0 		3
2608	 3 		3		 3 		3 		3
2609	 3 		3		 3 		3 		3
2610	 3 		3		 3 		3 		3
2611	 3 		3		 3 		3 		3
2612	 3 		3		 3 		3 		3
2613	 3 		3		 3 		3 		3
2614	 3 		3		 3 		3 		3
2615	 3 		3		 3 		3 		3
2616	 3 		3		 3 		3 		3
2617	 3 		3		 3 		3 		3
2618	 3 		3		 3 		3 		3
2619	 3 		3		 3 		3 		3
2620	 3 		3		 3 		3 		3
2621	 3 		3		 3 		3 		3
2622	 3 		3		 3 		3 		3
2623	 3 		3		 3 		3 		3
2624	 3 		3		 3 		3 		3
2625	 3 		3		 3 		3 		3
2626	 3 		3		 3 		3 		3
2627	 3 		3		 3 		3 		3
2628	 3 		3		 3 		3 		3
2629	 3 		3		 3 		3 		3
2630	 3 		3		 1 		3 		3
2631	 3 		3		 3 		3 		3
2632	 3 		3		 3 		3 		3
2633	 3 		3		 3 		3 		3
2634	 3 		3		 3 		3 		3
2635	 3 		3		 3 		3 		3
2636	 3 		3		 3 		3 		3
2637	 3 		3		 3 		3 		3
2638	 3 		3		 3 		3 		3
2639	 3 		3		 3 		3 		3
2640	 3 		3		 3 		3 		3
2641	 3 		3		 3 		3 		3
2642	 3 		3		 3 		3 		3
2643	 3 		3		 3 		3 		3
2644	 3 		3		 3 		3 		3
2645	 3 		3		 3 		3 		3
2646	 3 		3		 3 		3 		3
2647	 3 		3		 3 		3 		3
2648	 3 		3		 3 		3 		3
2649	 3 		3		 3 		3 		3
2650	 3 		3		 3 		3 		3
2651	 3 		3		 3 		3 		3
2652	 3 		3		 3 		3 		3
2653	 3 		3		 3 		3 		3
2654	 3 		3		 3 		3 		3
2655	 3 		3		 3 		3 		3
2656	 3 		3		 3 		3 		3
2657	 3 		3		 3 		3 		3
2658	 3 		3		 3 		3 		3
2659	 3 		3		 3 		3 		3
2660	 3 		3		 3 		3 		3
2661	 3 		3		 3 		3 		3
2662	 3 		3		 3 		3 		3
2663	 3 		3		 3 		3 		3
2664	 3 		3		 3 		3 		3
2665	 3 		3		 3 		3 		3
2666	 3 		3		 3 		3 		3
2667	 3 		3		 3 		3 		3
2668	 3 		3		 3 		3 		3
2669	 3 		3		 3 		3 		3
2670	 3 		3		 3 		3 		3
2671	 3 		3		 3 		3 		3
2672	 3 		3		 3 		3 		3
2673	 3 		3		 3 		3 		3
2674	 3 		3		 3 		3 		3
2675	 3 		3		 3 		3 		3
2676	 3 		3		 3 		3 		3
2677	 3 		3		 3 		3 		3
2678	 3 		3		 3 		3 		3
2679	 3 		3		 3 		3 		3
2680	 3 		3		 3 		3 		3
2681	 3 		3		 3 		3 		3
2682	 3 		3		 3 		3 		3
2683	 3 		3		 3 		3 		3
2684	 3 		3		 3 		3 		3
2685	 3 		3		 3 		3 		3
2686	 3 		3		 3 		3 		3
2687	 3 		3		 3 		3 		3
2688	 3 		3		 3 		3 		3
2689	 3 		3		 3 		3 		3
2690	 3 		3		 3 		3 		3
2691	 3 		3		 3 		3 		3
2692	 3 		3		 3 		3 		3
2693	 3 		3		 3 		3 		3
2694	 3 		3		 3 		3 		3
2695	 3 		3		 3 		3 		3
2696	 3 		3		 3 		3 		3
2697	 3 		3		 3 		3 		3
2698	 3 		3		 3 		3 		3
2699	 3 		3		 3 		3 		3
2700	 3 		3		 3 		3 		3
2701	 3 		3		 3 		3 		3
2702	 3 		3		 3 		3 		3
2703	 3 		3		 3 		3 		3
2704	 3 		3		 3 		3 		3
2705	 3 		3		 3 		3 		3
2706	 3 		3		 3 		3 		3
2707	 3 		3		 3 		3 		3
2708	 3 		3		 3 		3 		3
2709	 3 		3		 3 		3 		3
2710	 3 		3		 3 		3 		3
2711	 3 		3		 3 		3 		3
2712	 3 		3		 3 		3 		3
2713	 3 		3		 3 		3 		3
2714	 3 		3		 3 		3 		3
2715	 3 		3		 3 		3 		3
2716	 3 		3		 3 		3 		3
2717	 3 		3		 3 		3 		3
2718	 3 		3		 3 		3 		3
2719	 3 		3		 3 		3 		3
2720	 3 		3		 3 		3 		3
2721	 3 		3		 3 		3 		3
2722	 3 		3		 3 		3 		3
2723	 3 		3		 3 		3 		1
2724	 3 		3		 3 		3 		3
2725	 3 		3		 3 		3 		3
2726	 3 		3		 3 		3 		3
2727	 3 		3		 3 		3 		3
2728	 3 		3		 3 		3 		3
2729	 3 		3		 3 		3 		3
2730	 3 		3		 3 		3 		3
2731	 3 		3		 3 		3 		3
2732	 3 		3		 3 		3 		3
2733	 3 		3		 3 		3 		3
2734	 3 		3		 3 		3 		3
2735	 3 		3		 3 		3 		3
2736	 3 		3		 3 		3 		3
2737	 3 		3		 3 		3 		3
2738	 3 		3		 3 		3 		3
2739	 3 		3		 3 		3 		3
2740	 3 		3		 3 		3 		3
2741	 3 		3		 3 		3 		3
2742	 3 		3		 3 		3 		3
2743	 3 		3		 3 		3 		3
2744	 3 		3		 3 		3 		3
2745	 3 		3		 3 		3 		3
2746	 3 		3		 3 		3 		3
2747	 3 		3		 3 		3 		3
2748	 3 		3		 3 		3 		3
2749	 3 		3		 3 		3 		3
2750	 3 		3		 3 		3 		3
2751	 3 		3		 3 		3 		3
2752	 3 		3		 3 		3 		3
2753	 3 		3		 3 		3 		3
2754	 3 		3		 3 		3 		3
2755	 3 		3		 3 		3 		3
2756	 3 		3		 3 		3 		3
2757	 3 		3		 3 		3 		3
2758	 3 		3		 3 		3 		3
2759	 3 		3		 3 		3 		3
2760	 3 		3		 3 		3 		3
2761	 3 		3		 3 		3 		3
2762	 3 		3		 3 		3 		3
2763	 3 		3		 3 		3 		3
2764	 3 		3		 3 		3 		3
2765	 3 		3		 3 		3 		3
2766	 3 		3		 3 		3 		3
2767	 3 		3		 3 		3 		3
2768	 3 		3		 3 		3 		3
2769	 3 		3		 3 		3 		3
2770	 3 		3		 3 		3 		3
2771	 3 		3		 3 		3 		3
2772	 3 		3		 3 		3 		3
2773	 3 		3		 3 		3 		3
2774	 3 		3		 3 		3 		3
2775	 3 		3		 3 		3 		3
2776	 3 		3		 3 		3 		3
2777	 3 		3		 3 		3 		3
2778	 3 		3		 3 		3 		3
2779	 3 		3		 3 		3 		3
2780	 3 		3		 3 		3 		3
2781	 3 		3		 3 		3 		3
2782	 3 		3		 3 		3 		3
2783	 3 		3		 3 		3 		3
2784	 3 		3		 3 		3 		3
2785	 3 		3		 1 		3 		3
2786	 3 		3		 3 		3 		3
2787	 3 		3		 3 		3 		3
2788	 3 		3		 3 		3 		1
2789	 3 		3		 3 		3 		3
2790	 3 		3		 3 		3 		3
2791	 3 		3		 3 		3 		3
2792	 3 		3		 3 		3 		3
2793	 3 		3		 3 		3 		3
2794	 3 		3		 3 		3 		3
2795	 3 		3		 3 		3 		3
2796	 3 		3		 3 		3 		3
2797	 3 		3		 3 		3 		3
2798	 3 		3		 3 		3 		3
2799	 3 		3		 3 		3 		3
2800	 3 		3		 3 		3 		3
2801	 3 		3		 3 		3 		3
2802	 3 		3		 3 		3 		3
2803	 3 		3		 3 		3 		3
2804	 3 		3		 3 		3 		3
2805	 3 		3		 3 		3 		3
2806	 3 		3		 3 		3 		3
2807	 3 		3		 3 		3 		3
2808	 3 		3		 3 		3 		3
2809	 3 		3		 3 		3 		3
2810	 3 		3		 3 		3 		3
2811	 3 		3		 3 		3 		3
2812	 3 		3		 3 		3 		3
2813	 3 		3		 3 		3 		3
2814	 3 		3		 3 		3 		3
2815	 3 		3		 3 		3 		3
2816	 3 		3		 3 		3 		3
2817	 3 		3		 3 		3 		3
2818	 3 		3		 3 		3 		3
2819	 3 		3		 3 		3 		0
2820	 3 		3		 3 		3 		3
2821	 3 		3		 3 		3 		3
2822	 3 		3		 3 		3 		3
2823	 3 		3		 3 		3 		3
2824	 3 		3		 3 		3 		3
2825	 3 		3		 3 		3 		3
2826	 3 		3		 3 		3 		3
2827	 3 		3		 3 		3 		3
2828	 3 		3		 3 		3 		3
2829	 3 		3		 3 		3 		3
2830	 3 		3		 3 		3 		3
2831	 3 		3		 3 		3 		3
2832	 3 		3		 3 		3 		3
2833	 3 		3		 3 		3 		3
2834	 3 		3		 3 		3 		3
2835	 3 		3		 3 		3 		3
2836	 3 		3		 3 		3 		3
2837	 3 		3		 3 		3 		3
2838	 3 		3		 3 		3 		3
2839	 3 		3		 3 		3 		3
2840	 3 		3		 3 		3 		3
2841	 3 		3		 3 		3 		3
2842	 3 		3		 3 		3 		3
2843	 3 		3		 3 		3 		3
2844	 3 		3		 3 		3 		3
2845	 3 		3		 3 		3 		3
2846	 3 		3		 3 		3 		3
2847	 3 		3		 3 		3 		3
2848	 3 		3		 3 		3 		3
2849	 3 		3		 3 		3 		3
2850	 3 		3		 3 		3 		3
2851	 3 		3		 3 		3 		3
2852	 3 		3		 3 		3 		3
2853	 3 		3		 3 		3 		3
2854	 3 		3		 3 		3 		3
2855	 3 		3		 3 		3 		3
2856	 3 		3		 3 		3 		3
2857	 3 		3		 3 		3 		3
2858	 3 		3		 3 		3 		3
2859	 3 		3		 3 		3 		3
2860	 3 		3		 3 		3 		3
2861	 3 		3		 3 		3 		3
2862	 3 		3		 3 		3 		3
2863	 3 		3		 3 		3 		3
2864	 3 		3		 3 		3 		3
2865	 3 		3		 3 		3 		3
2866	 3 		3		 3 		3 		3
2867	 3 		3		 3 		3 		3
2868	 3 		3		 3 		3 		3
2869	 3 		3		 3 		3 		3
2870	 3 		3		 3 		3 		3
2871	 3 		3		 3 		3 		3
2872	 3 		3		 3 		3 		3
2873	 3 		3		 3 		3 		3
2874	 3 		3		 3 		3 		3
2875	 3 		3		 3 		3 		3
2876	 3 		3		 3 		3 		3
2877	 3 		3		 3 		3 		3
2878	 3 		3		 3 		3 		3
2879	 3 		3		 3 		3 		3
2880	 3 		3		 3 		3 		3
2881	 3 		3		 3 		3 		3
2882	 3 		3		 3 		3 		3
2883	 3 		3		 3 		3 		3
2884	 3 		3		 3 		3 		3
2885	 3 		3		 3 		3 		3
2886	 3 		3		 3 		3 		3
2887	 3 		1		 1 		1 		3
2888	 3 		3		 3 		3 		3
2889	 3 		3		 3 		3 		3
2890	 3 		3		 3 		3 		3
2891	 3 		3		 3 		3 		3
2892	 3 		3		 3 		3 		3
2893	 3 		3		 3 		3 		3
2894	 3 		3		 3 		3 		3
2895	 3 		3		 3 		3 		3
2896	 3 		3		 3 		3 		3
2897	 3 		3		 3 		3 		3
2898	 3 		3		 3 		3 		3
2899	 3 		3		 3 		3 		3
2900	 3 		3		 3 		3 		3
2901	 3 		3		 3 		3 		3
2902	 3 		3		 3 		3 		3
2903	 3 		3		 3 		3 		3
2904	 3 		3		 3 		3 		3
2905	 3 		3		 3 		3 		3
2906	 3 		3		 3 		3 		3
2907	 3 		3		 3 		1 		3
2908	 3 		3		 3 		1 		3
2909	 3 		3		 3 		1 		3
2910	 3 		3		 3 		3 		3
2911	 3 		3		 3 		3 		3
2912	 3 		3		 3 		3 		3
2913	 3 		3		 3 		3 		3
2914	 3 		3		 2 		3 		3
2915	 3 		3		 3 		3 		3
2916	 3 		3		 1 		3 		3
2917	 3 		3		 3 		3 		3
2918	 3 		3		 3 		3 		3
2919	 3 		3		 3 		3 		3
2920	 3 		3		 3 		3 		3
2921	 3 		3		 3 		3 		3
2922	 3 		3		 3 		3 		3
2923	 3 		3		 3 		3 		3
2924	 3 		3		 3 		3 		3
2925	 3 		3		 3 		3 		3
2926	 3 		3		 3 		3 		3
2927	 3 		3		 3 		3 		3
2928	 3 		3		 3 		3 		3
2929	 3 		3		 3 		3 		3
2930	 3 		3		 3 		3 		3
2931	 3 		3		 3 		1 		3
2932	 3 		3		 3 		3 		3
2933	 3 		3		 3 		3 		3
2934	 3 		3		 3 		3 		3
2935	 3 		3		 3 		3 		3
2936	 3 		3		 3 		3 		3
2937	 3 		3		 3 		3 		3
2938	 3 		3		 3 		3 		3
2939	 3 		3		 3 		3 		3
2940	 3 		3		 3 		3 		3
2941	 3 		3		 3 		3 		3
2942	 3 		3		 3 		3 		3
2943	 3 		3		 3 		3 		3
2944	 3 		3		 3 		3 		3
2945	 3 		3		 3 		3 		3
2946	 3 		3		 3 		3 		3
2947	 3 		3		 3 		3 		3
2948	 3 		3		 3 		3 		3
2949	 3 		3		 3 		3 		3
2950	 3 		3		 3 		3 		3
2951	 3 		3		 3 		3 		3
2952	 3 		3		 3 		3 		3
2953	 3 		3		 3 		3 		3
2954	 3 		3		 3 		3 		3
2955	 3 		3		 3 		3 		3
2956	 3 		3		 3 		3 		3
2957	 3 		3		 3 		3 		3
2958	 3 		3		 3 		3 		3
2959	 3 		3		 3 		3 		3
2960	 3 		3		 3 		3 		3
2961	 3 		3		 3 		3 		3
2962	 3 		3		 3 		3 		3
2963	 3 		3		 3 		3 		3
2964	 3 		3		 3 		3 		3
2965	 3 		3		 3 		3 		3
2966	 3 		3		 3 		3 		3
2967	 3 		3		 3 		3 		3
2968	 3 		3		 3 		3 		3
2969	 3 		3		 3 		3 		3
2970	 3 		3		 3 		3 		3
2971	 3 		3		 3 		3 		3
2972	 3 		3		 3 		3 		3
2973	 3 		3		 3 		3 		3
2974	 3 		3		 3 		3 		3
2975	 3 		3		 3 		3 		3
2976	 3 		3		 3 		3 		3
2977	 3 		3		 3 		3 		3
2978	 3 		3		 3 		3 		3
2979	 3 		3		 3 		3 		3
2980	 3 		3		 3 		3 		3
2981	 3 		3		 3 		3 		3
2982	 3 		3		 3 		3 		3
2983	 3 		3		 3 		3 		3
2984	 3 		3		 3 		3 		3
2985	 3 		3		 3 		3 		3
2986	 3 		3		 3 		3 		3
2987	 3 		3		 3 		3 		3
2988	 3 		3		 3 		3 		3
2989	 3 		3		 3 		3 		3
2990	 3 		3		 3 		3 		3
2991	 3 		3		 3 		3 		3
2992	 3 		3		 3 		3 		3
2993	 3 		3		 3 		3 		3
2994	 3 		3		 3 		3 		3
2995	 3 		3		 3 		3 		3
2996	 3 		3		 3 		3 		3
2997	 3 		3		 3 		3 		3
2998	 3 		3		 3 		3 		3
2999	 3 		3		 3 		3 		3
3000	 3 		3		 3 		3 		3
3001	 3 		3		 3 		3 		3
3002	 3 		3		 3 		3 		3
3003	 3 		3		 3 		3 		3
3004	 3 		3		 3 		3 		3
3005	 3 		3		 3 		3 		3
3006	 3 		3		 3 		3 		3
3007	 3 		3		 3 		3 		3
3008	 3 		3		 3 		3 		3
3009	 3 		3		 3 		3 		3
3010	 3 		3		 3 		3 		3
3011	 3 		3		 3 		3 		3
3012	 3 		3		 3 		3 		3
3013	 3 		3		 3 		3 		3
3014	 3 		3		 3 		3 		3
3015	 3 		3		 3 		3 		3
3016	 3 		3		 3 		3 		3
3017	 3 		3		 3 		3 		3
3018	 3 		3		 3 		3 		3
3019	 3 		3		 3 		3 		3
3020	 3 		3		 3 		3 		3
3021	 3 		3		 3 		3 		3
